packages/Omniscape/9QvyX/test/input/source.asc
ncols         30
nrows         30
xllcorner     0
yllcorner     0
cellsize      1
nodata_value  -9999
0.55279478 0.65891145 0.65445223 0.32914502 0.30261617 0.85725444 0.91328919 0.30496106 0.09665568 0.41922043 0.84406888 0.72574297 0.45054075 0.2309031 0.63001572 0.84560366 0.73157678 0.45693432 0.68483911 0.60228805 0.56539661 0.47873275 0.75006295 0.79935832 0.44757789 0.05451632 0.64340591 0.52220444 0.86316052 0.7554245
0.47419715 0.85169654 0.34815641 0.42001381 0.09262733 0.04806342 0.5078658 0.53193576 0.81145718 0.80443716 0.17903095 0.12402889 0.30610212 0.38270966 0.44205335 0.71649836 0.80204993 0.53359253 0.99831737 0.85235463 0.1253525 0.32510752 0.04617613 0.83296462 0.26677074 0.94974537 0.34035345 0.64945125 0.84837234 0.85351898
0.34167485 0.27766419 0.07452754 0.56613854 0.89945726 0.93919832 0.79407541 0.6970241 0.71304176 0.84953908 0.7236348 0.83966132 0.64103398 0.06953859 0.0088895 0.26628504 0.52375772 0.81380485 0.71364037 0.92097171 0.89516606 0.83916921 0.27142751 0.9376515 0.84687125 0.29760369 0.82218501 0.42531055 0.35009479 0.03756773
0.48499634 0.9146196 0.19443352 0.7407351 0.28184563 0.99858337 0.64947203 0.35640527 0.9492453 0.07856613 0.3132238 0.77507902 0.79310283 0.947086 0.62577868 0.89848068 0.09760186 0.83392219 0.4817422 0.42256544 0.46354119 0.46754053 0.37849442 0.69491617 0.18437927 0.61518745 0.05828931 0.61847267 0.04892789 0.78420107
0.24637923 0.37215439 0.03182988 0.63373535 0.25492305 0.59977503 0.78977773 0.41851811 0.54814702 0.25638122 0.70195457 0.16470214 0.07044914 0.18470598 0.76622155 0.99072357 0.23032868 0.58056962 0.0897918 0.76003647 0.17521188 0.08200988 0.1648087 0.43020964 0.28679252 0.04921658 0.60035093 0.29963061 0.93234779 0.27249748
0.59981783 0.71342551 0.16101641 0.3108228 0.79373765 0.77142837 0.48573047 0.39142011 0.92533475 0.83614926 0.93189009 0.69402806 0.34411684 0.98032183 0.06776686 0.65790005 0.32218169 0.41233608 0.2081634 0.62774417 0.30799461 0.92599791 0.61179383 0.81403223 0.88743611 0.97092009 0.77038314 0.86886134 0.77005907 0.7242238
0.91140991 0.59618351 0.40549524 0.51162317 0.07117923 0.58510891 0.62438559 0.31916259 0.08922731 0.39935338 0.74306797 0.34128417 0.14516169 0.02130719 0.93895494 0.41193271 0.6167152 0.25287505 0.01728659 0.76153259 0.81081335 0.99163642 0.63948968 0.078688 0.01473033 0.3690437 0.62096036 0.21508397 0.23615204 0.22351221
0.56733829 0.88383822 0.55279256 0.73942874 0.5383398 0.62847006 0.2538285 0.26877845 0.46381737 0.20804233 0.06566321 0.58308163 0.25364616 0.42144384 0.08897473 0.38463641 0.14927994 0.19758139 0.94787028 0.80936609 0.6244663 0.28781674 0.44888208 0.02785617 0.70628142 0.73769761 0.3848337 0.0576787 0.31300621 0.17536275
0.48872049 0.90949483 0.48286483 0.03544929 0.01432455 0.156788 0.88207064 0.91789497 0.14514945 0.89919373 0.04883614 0.86888343 0.63568205 0.85477419 0.80825797 0.52274782 0.85681894 0.86410291 0.32440157 0.82082497 0.07214869 0.59979377 0.09895112 0.27330225 0.35049458 0.14075606 0.94296233 0.95022408 0.40747053 0.69434638
0.90660025 0.63573786 0.82664291 0.95068876 0.00082118 0.00750586 0.21850393 0.99499376 0.59364533 0.85630433 0.82074957 0.70465432 0.89780108 0.51971797 0.41005264 0.99664029 0.63722121 0.55746348 0.38941318 0.72834223 0.16852268 0.59926847 0.28506159 0.28941412 0.69704759 0.50321571 0.11372822 0.34410922 0.60117708 0.13425513
0.05716189 0.67601333 0.11617185 0.80654198 0.04582282 0.8734131 0.6275382 0.84915377 0.89659267 0.71568813 0.42638444 0.77246103 0.84183648 0.04637315 0.15316259 0.67230818 0.95022003 0.3214505 0.1689863 0.5272508 0.66412635 0.45878173 0.04318309 0.60735676 0.27957909 0.59240881 0.08005859 0.35108195 0.6512397 0.23539278
0.98014984 0.72282906 0.36939026 0.13957687 0.60767168 0.66521456 0.42182232 0.36537254 0.41194601 0.95728723 0.68988173 0.96606385 0.64307729 0.85835374 0.61245034 0.10784495 0.47422087 0.72756069 0.09438754 0.00886275 0.96924379 0.98833465 0.30447566 0.74773861 0.41093976 0.17390207 0.65725976 0.2858663 0.78480189 0.23114219
0.91112454 0.03000221 0.26560801 0.61130894 0.96396004 0.27545033 0.39930932 0.61027096 0.85999093 0.84951544 0.67874581 0.63315755 0.60148798 0.08661288 0.43876355 0.93685428 0.59441005 0.31828061 0.43943939 0.089614 0.89468583 0.77847532 0.1812193 0.7919442 0.25702786 0.8743416 0.82452194 0.46986705 0.92268328 0.64054819
0.71186721 0.94013282 0.79708685 0.92538458 0.57197332 0.13614796 0.42989621 0.71081791 0.89759753 0.06748795 0.69657097 0.63904878 0.27462194 0.62657095 0.41582194 0.99761575 0.14618242 0.18738929 0.57684158 0.19106177 0.61838311 0.66255498 0.93002392 0.81839027 0.24611784 0.64689087 0.06549609 0.82175527 0.16962531 0.90532788
0.31512137 0.73458952 0.68374631 0.62837489 0.21735269 0.14067877 0.62307176 0.32588465 0.00010787 0.36958641 0.95453249 0.02273937 0.57918877 0.77467093 0.88546823 0.87808874 0.38524128 0.29863444 0.19142725 0.8762466 0.72819575 0.88482961 0.2774412 0.5804563 0.73438955 0.40482873 0.80071082 0.84131232 0.70679805 0.07164119
0.02442722 0.31758576 0.92726341 0.52835845 0.37831796 0.68237218 0.65990716 0.73360955 0.54987656 0.50011318 0.45472483 0.46025303 0.25352176 0.36351083 0.57854265 0.99114455 0.02810147 0.51991581 0.66238358 0.32172473 0.42755966 0.00588046 0.81119682 0.43349558 0.95211525 0.92649984 0.78813635 0.80851003 0.03508691 0.88841735
0.24918548 0.01913682 0.21386645 0.47552537 0.80425395 0.30169914 0.86900194 0.45470244 0.68860726 0.9352455 0.24719085 0.62437842 0.21246219 0.17477683 0.3178786 0.08675267 0.82539826 0.33947344 0.51674247 0.56984988 0.94291422 0.31303122 0.92391025 0.3914801 0.85514229 0.64699912 0.29431021 0.61758356 0.355154 0.4970561
0.7499751 0.77434536 0.19220912 0.14610147 0.77309521 0.19464151 0.22617857 0.06984223 0.7788547 0.43302005 0.28835846 0.11595061 0.39163799 0.11263358 0.44039253 0.78546727 0.11774704 0.55193837 0.89006944 0.3226357 0.40753514 0.75175342 0.74303047 0.54782906 0.02949836 0.560234 0.42249518 0.46605821 0.82406335 0.82770911
0.38546469 0.99766244 0.99386843 0.09647129 0.82423296 0.91864167 0.38711557 0.12252861 0.12932716 0.97703254 0.96674187 0.72736093 0.22361405 0.98256702 0.65605995 0.33751982 0.92714714 0.54289523 0.93135364 0.49929155 0.93532275 0.97972362 0.1447546 0.68394678 0.18359772 0.59947507 0.25641791 0.19827662 0.57957022 0.43318406
0.14628186 0.30320483 0.31019313 0.23330108 0.76371983 0.63340117 0.79686191 0.30198875 0.62478945 0.49700034 0.04576685 0.16752175 0.15826849 0.86825815 0.67836644 0.71205205 0.66645791 0.39684043 0.52622114 0.1212336 0.05928302 0.22351866 0.13362391 0.73787795 0.42293437 0.6191094 0.04346484 0.57176599 0.26154288 0.61417878
0.46248864 0.78532099 0.58815723 0.31776147 0.96276174 0.88085502 0.6350168 0.89250118 0.58790044 0.4667229 0.07025554 0.15816987 0.37729214 0.27206597 0.74743683 0.19842187 0.38197043 0.40156186 0.42410139 0.769035 0.90192428 0.9597432 0.52485869 0.98554927 0.52699481 0.58510411 0.77693178 0.00249308 0.0868765 0.60612491
0.16810531 0.07829409 0.96776257 0.40822719 0.56432608 0.50535568 0.03726304 0.66667652 0.85396482 0.76474774 0.52413716 0.05185822 0.71850714 0.90292131 0.75393054 0.64781362 0.53756001 0.18486681 0.21218968 0.44514448 0.36871166 0.14975743 0.51350939 0.25724032 0.26077014 0.62113554 0.64910815 0.60076585 0.05594385 0.85566342
0.99721565 0.49622935 0.21202483 0.98194295 0.91426021 0.76947527 0.99037972 0.09745778 0.16767379 0.36412187 0.63831146 0.3959756 0.06698193 0.12194873 0.2221559 0.03755515 0.63569809 0.0940649 0.67245999 0.37319083 0.27090638 0.32467653 0.33680504 0.95867566 0.47741085 0.0934528 0.1155969 0.81624424 0.58108664 0.65681959
0.12707816 0.95716394 0.21459542 0.91612598 0.10095346 0.52141772 0.81093718 0.40806798 0.79098458 0.34816195 0.50196897 0.65616555 0.13645047 0.59054055 0.5075124 0.41236388 0.01244545 0.76129591 0.99631412 0.4970041 0.66240033 0.16863551 0.92223459 0.83892089 0.28694103 0.92649814 0.4790127 0.58777501 0.21119586 0.12504896
0.97313049 0.57874875 0.43992159 0.84031437 0.91316169 0.55490606 0.64939111 0.20837109 0.16360827 0.35859454 0.76998911 0.08469929 0.53369773 0.53781947 0.00694369 0.20997853 0.64687904 0.30713154 0.88913949 0.13395797 0.29303925 0.88541022 0.0153021 0.78814438 0.66941054 0.84381951 0.32290904 0.2590149 0.91935964 0.05284321
0.69903094 0.31385394 0.45549068 0.04992513 0.32616312 0.5719101 0.31804413 0.70449661 0.0478995 0.12514053 0.3914284 0.48955073 0.61866178 0.48094165 0.15412184 0.82191875 0.54043452 0.14827716 0.35138958 0.92108959 0.45379558 0.72591985 0.01983357 0.17729572 0.12667291 0.86885631 0.42767019 0.24846053 0.72384522 0.84281542
0.30876518 0.26616742 0.58294017 0.60535313 0.21001761 0.76785699 0.22963502 0.75664164 0.48679108 0.44905773 0.33592475 0.22652383 0.39487183 0.58891241 0.61200626 0.0616863 0.06797712 0.66219369 0.48187336 0.75680018 0.85541582 0.43612904 0.59198718 0.04297805 0.06053075 0.95535797 0.03037143 0.12969229 0.1493432 0.34861525
0.17917054 0.95465868 0.80622531 0.2323004 0.61656131 0.39216184 0.42988362 0.50430826 0.80422879 0.4686813 0.81696222 0.81767013 0.79972665 0.63464563 0.33830834 0.48418912 0.39928775 0.40929653 0.49749936 0.61499178 0.26330717 0.0598059 0.47340176 0.38253542 0.84643265 0.34486627 0.9248282 0.34387451 0.17290627 0.3695594
0.31467796 0.69548926 0.30048024 0.85172352 0.94622212 0.83232718 0.93472862 0.63462422 0.45316185 0.54036888 0.86347362 0.93463226 0.51713844 0.65136778 0.2946348 0.09690974 0.05445066 0.61145852 0.05599488 0.75301151 0.73503954 0.89703052 0.38758488 0.89256923 0.03764311 0.47487273 0.70711302 0.56211568 0.63700174 0.40902252
0.10263239 0.42386522 0.14186046 0.24485545 0.45647628 0.874168 0.63988707 0.43426309 0.3222766 0.31203585 0.91528209 0.62340088 0.39925962 0.69387094 0.24032759 0.60100228 0.12265623 0.28540913 0.94020383 0.32536954 0.29935669 0.4166903 0.08454382 0.24754993 0.31436414 0.14718928 0.26809789 0.90582413 0.95182433 0.04437932
