20
0.0533662879029 0.0211692002509 0.0988670942005 0.0231877092109 0.022369934908 0.121001700606 0.0878126089614 0.0361599942098 0.037496284255 0.192324736986 0.0162161188728 0.103528049483 0.0952892642352 0.0384738749472 0.0373994541978 0.143584613331 0.0220203869342 0.0244433913508 0.0448250845436 0.0253425298527 
0.433538200656 0.00339033705832 0.0411957699231 0.0116778752484 0.0132641198907 0.0110889407198 0.0179723467491 0.0202529270359 -0.0021099716538 0.0302997459133 0.0240454415834 0.0224917629014 0.0156523175301 0.0151981970139 0.0129102420929 0.00694396811412 0.0081908087693 0.00327248279207 0.0149970825949 0.0135101497296 
0.00339033705832 0.213637336665 0.0267992613356 0.00648824525246 0.0124142219604 -0.009578780209 0.00618027643151 0.0201313755663 0.00600354916149 0.015364939348 0.00782353795611 0.0178870411201 0.019462173489 0.00914959306674 0.0221540574791 0.0340725184644 0.0195542806132 0.0121459169759 0.00212977218467 0.00428594930691 
0.0411957699231 0.0267992613356 0.497142989847 0.0302890017922 0.0389472495173 0.0285726234806 0.0941509051874 0.00788281808551 0.0340878013708 0.109993029139 0.0236020911602 0.0239596047817 0.0332298381551 0.0127023322738 0.0175050753452 0.0298313941025 0.034969244311 0.012550032784 0.0197654545503 0.0282956075338 
0.0116778752484 0.00648824525246 0.0302890017922 0.228526870469 0.00495913705881 0.0196703514139 0.0137497517344 0.0250789480338 0.013808050488 0.0287616463524 -0.00130973187005 0.0148192218519 0.00357274595234 0.0148818207056 0.000729800505709 0.011083618837 0.0296166672244 0.00292810997032 0.00214300102533 0.01206761664 
0.0132641198907 0.0124142219604 0.0389472495173 0.00495913705881 0.215484748736 0.0319929401789 0.0354849991717 0.0234636418533 0.0225691265006 0.0275366650746 0.00926711727565 -0.000955668783445 0.0213998695524 0.0300356082726 0.0440504797236 0.0186431644752 0.0243268141126 0.0130797727086 0.0233831472049 0.0160502937136 
0.0110889407198 -0.009578780209 0.0285726234806 0.0196703514139 0.0319929401789 0.736252382863 0.00375407801156 0.0605785427101 0.00549693753437 0.0635539405231 0.0466395314964 0.063067547832 0.0104034850859 0.0107716953106 0.0265674743585 0.0798381897104 0.0186205739602 0.00733146299917 0.0198824848891 0.0281567879039 
0.0179723467491 0.00618027643151 0.0941509051874 0.0137497517344 0.0354849991717 0.00375407801156 0.487981078494 0.0104271559607 0.0286392441894 0.0381007427996 0.00446214202144 5.48834703784e-05 0.0300772991636 0.00290323983779 0.0125367700807 0.018453670675 0.0231765417911 0.0118505729902 0.0316560453428 0.0242353356548 
0.0202529270359 0.0201313755663 0.00788281808551 0.0250789480338 0.0234636418533 0.0605785427101 0.0104271559607 0.240830474699 0.0297579782696 0.0368106002608 0.049459208136 0.0280126604957 0.00109758480869 0.00826753689315 0.0187823655274 0.0392232835204 0.00210692082018 -0.000140821370455 0.0162015944449 0.016962871112 
-0.0021099716538 0.00600354916149 0.0340878013708 0.013808050488 0.0225691265006 0.00549693753437 0.0286392441894 0.0297579782696 0.25183157414 0.0475663793331 0.0290724473043 0.0117431120276 0.0313912716506 0.00554956700797 0.0312054270754 0.0284884103066 0.0480265828666 0.0239914424939 0.0291898919695 0.0172270157318 
0.0302997459133 0.015364939348 0.109993029139 0.0287616463524 0.0275366650746 0.0635539405231 0.0381007427996 0.0368106002608 0.0475663793331 0.666821647479 0.0272310890829 0.100758071225 0.0405966562504 0.0399554647008 0.0394450147871 0.167524603198 0.0355661895415 0.020694495952 0.0398952647155 0.026810307248 
0.0240454415834 0.00782353795611 0.0236020911602 -0.00130973187005 0.00926711727565 0.0466395314964 0.00446214202144 0.049459208136 0.0290724473043 0.0272310890829 0.19797472427 0.0460087870859 0.0247740664347 0.0148931367274 0.0170890015531 0.0301162877379 0.0110218056209 0.0101257855306 0.0118615606067 0.00200655068489 
0.0224917629014 0.0178870411201 0.0239596047817 0.0148192218519 -0.000955668783445 0.063067547832 5.48834703787e-05 0.0280126604957 0.0117431120276 0.100758071225 0.0460087870859 0.411516231838 -0.0059380778584 0.0262673215579 0.00501129472334 0.183725662345 0.0104262444861 0.00101776986713 -0.00496356110624 -0.00338837084897 
0.0156523175301 0.019462173489 0.0332298381551 0.00357274595234 0.0213998695524 0.0104034850859 0.0300772991636 0.00109758480869 0.0313912716506 0.0405966562504 0.0247740664347 -0.0059380778584 0.515985645838 0.0199622548564 0.00870374833793 0.0172362863125 0.0286550848471 0.0134332107472 0.00855239398234 0.00514508993381 
0.0151981970139 0.00914959306674 0.0127023322738 0.0148818207056 0.0300356082726 0.0107716953106 0.00290323983779 0.00826753689315 0.00554956700797 0.0399554647008 0.0148931367274 0.0262673215579 0.0199622548564 0.239172001374 0.0104230363192 0.0201572938357 0.0163256173036 0.00352386470299 0.015149770414 0.0155815735789 
0.0129102420929 0.0221540574791 0.0175050753452 0.000729800505709 0.0440504797236 0.0265674743585 0.0125367700807 0.0187823655274 0.0312054270754 0.0394450147871 0.0170890015531 0.00501129472334 0.00870374833793 0.0104230363192 0.326330805378 0.0269438014726 0.0257826499782 0.0226019728906 0.0411574439701 0.0241784865245 
0.00694396811412 0.0340725184644 0.0298313941025 0.011083618837 0.0186431644752 0.0798381897104 0.018453670675 0.0392232835204 0.0284884103066 0.167524603198 0.0301162877379 0.183725662345 0.0172362863125 0.0201572938357 0.0269438014726 0.537228792072 0.0239354952651 0.00737487560036 -0.0103704244762 0.000364202246947 
0.0081908087693 0.0195542806132 0.034969244311 0.0296166672244 0.0243268141126 0.0186205739602 0.0231765417911 0.00210692082018 0.0480265828666 0.0355661895415 0.0110218056209 0.0104262444861 0.0286550848471 0.0163256173036 0.0257826499782 0.0239354952651 0.239566970107 0.0283085600474 0.0339809598117 0.0210912079603 
0.00327248279207 0.0121459169759 0.012550032784 0.00292810997032 0.0130797727086 0.00733146299917 0.0118505729902 -0.000140821370455 0.0239914424939 0.020694495952 0.0101257855306 0.00101776986713 0.0134332107472 0.00352386470299 0.0226019728906 0.00737487560036 0.0283085600474 0.195185623857 0.0230483925626 0.014484782624 
0.0149970825949 0.00212977218467 0.0197654545503 0.00214300102533 0.0233831472049 0.0198824848891 0.0316560453428 0.0162015944449 0.0291898919695 0.0398952647155 0.0118615606067 -0.00496356110624 0.00855239398234 0.015149770414 0.0411574439701 -0.0103704244762 0.0339809598117 0.0230483925626 0.258665766101 0.0173638559312 
0.0135101497296 0.00428594930691 0.0282956075338 0.01206761664 0.0160502937136 0.0281567879039 0.0242353356548 0.016962871112 0.0172270157318 0.026810307248 0.00200655068489 -0.00338837084897 0.00514508993381 0.0155815735789 0.0241784865245 0.000364202246947 0.0210912079603 0.014484782624 0.0173638559312 0.204631074563 

['NWL', 'RX', 'TER', 'CZN', 'PLL', 'EP', 'NVLS', 'PPL', 'HIG', 'FCX', 'NI', 'OXY', 'JCI', 'ABC', 'GPS', 'NOV', 'MTG', 'BUD', 'COST', 'LLY']