20
0.0340091550877 0.0997806882374 0.0597094198611 0.0223320424584 0.00399952409326 0.0255121646837 0.0377989606714 0.0255776045185 0.0254158643172 0.0843714281037 0.185879968849 0.158041803894 0.0533286406295 0.132143501856 0.0413167922229 0.0296866664977 0.0471087328402 0.0739523233915 0.0359279599811 0.0690593134036 
0.213284283775 0.0163546470513 0.0585093004018 0.0114082212924 0.0289356357621 0.0252430077044 0.0197895162425 0.0106619411845 0.0141762062999 0.0215434639703 0.0144541194715 0.021021754784 0.0202719657361 -0.0112108720586 0.0409643699105 0.0408293466529 0.00398434538035 0.00890240999199 0.014615462645 0.0236317763457 
0.0163546470513 0.578535138407 0.0419492073299 0.0185229474306 0.0116326011738 0.0301541163788 0.0375947417072 0.00777841509695 0.0275637125089 0.0131205682077 0.0447358764139 0.00500003695475 0.0356930491936 0.0315571454922 0.0432108963996 0.00929573855449 0.00558535070375 0.0275093049329 0.0204918244823 0.0194988074674 
0.0585093004018 0.0419492073299 0.403020182724 -0.00190233626662 0.0194523460349 0.0110475063842 0.0299777116189 0.00450631655686 0.0212636676245 -0.00142168768526 0.0308152076533 0.0204385361915 0.00938290637505 0.0227223031098 0.041222622504 0.0146211638181 -0.0139131266935 0.0204909341649 0.0013243308333 0.0075362119444 
0.0114082212924 0.0185229474306 -0.00190233626662 0.208372162185 0.0180179391413 -0.00434521216523 -0.00248378343666 0.00057870011862 0.00756630818051 0.0088354284971 0.0250121203679 0.0218750431118 0.0024214842793 -0.000298938871684 0.0107068481769 0.0051051906921 0.00865227920688 0.0323465816878 0.00181838626306 0.00366792234116 
0.0289356357621 0.0116326011738 0.0194523460349 0.0180179391413 0.182780174377 0.0196913261045 0.0210082659902 0.0182799621198 0.0103187270519 0.00163878028362 0.0158060356498 0.0365514701514 0.0147001208588 -0.0035067605554 0.020366352683 0.0228423626543 -0.000107233651129 0.0238098359936 0.0138602457313 0.0111432956272 
0.0252430077044 0.0301541163788 0.0110475063842 -0.00434521216523 0.0196913261045 0.174632602928 0.0190312468008 0.0239294073113 0.0185316205211 0.00690815366772 0.0245477545733 0.00675496573639 0.013150560191 0.00575535918709 0.0233046930153 0.0272165488583 0.018833510282 0.00117059639666 0.0186090799627 0.0192262515753 
0.0197895162425 0.0375947417072 0.0299777116189 -0.00248378343666 0.0210082659902 0.0190312468008 0.358625880283 0.0095476180167 0.0430364069046 0.0288309997348 0.0585771799838 0.0377050845818 0.0206403658762 0.0391743996355 0.027449121842 0.0368119962139 0.0143340105509 0.0658988738751 0.0262021156937 0.0260379598074 
0.0106619411845 0.00777841509695 0.00450631655686 0.00057870011862 0.0182799621198 0.0239294073113 0.0095476180167 0.326740276196 0.0120728129581 -0.00116267594322 0.023255826734 0.00764948085487 0.0207354431859 0.0104307209546 0.00931552894891 0.0310749943506 0.0188601330141 0.0479817663568 0.00402804248512 0.00527941120087 
0.0141762062999 0.0275637125089 0.0212636676245 0.00756630818051 0.0103187270519 0.0185316205211 0.0430364069046 0.0120728129581 0.303519179729 -0.00416567200151 0.0249676158914 0.000547999490517 0.0115333228179 0.0181058286564 0.0172325122629 0.0360624069179 0.0138963165584 0.0213239144433 0.0284564864532 0.0218787171406 
0.0215434639703 0.0131205682077 -0.00142168768526 0.0088354284971 0.00163878028362 0.00690815366772 0.0288309997348 -0.00116267594322 -0.00416567200151 0.855236347966 0.153195482132 0.0133114727384 0.0225668015765 -0.0127210492683 0.000907184210819 0.0443248257806 -0.00321184563997 0.0275447647809 0.0140125902414 0.0126659937231 
0.0144541194715 0.0447358764139 0.0308152076533 0.0250121203679 0.0158060356498 0.0245477545733 0.0585771799838 0.023255826734 0.0249676158914 0.153195482132 0.63958106295 0.0194632762076 0.0407012536064 0.108761964516 0.0377240702513 0.0442268845245 0.0691027354441 0.0459286522021 0.0301433227164 0.0526121366212 
0.021021754784 0.00500003695475 0.0204385361915 0.0218750431118 0.0365514701514 0.00675496573639 0.0377050845818 0.00764948085487 0.000547999490517 0.0133114727384 0.0194632762076 1.03645367654 0.0195143371553 0.0234824456331 0.0364667607166 0.0286698045861 -0.00155048771945 0.0351615136069 0.0117214013396 0.0110151600285 
0.0202719657361 0.0356930491936 0.00938290637505 0.0024214842793 0.0147001208588 0.013150560191 0.0206403658762 0.0207354431859 0.0115333228179 0.0225668015765 0.0407012536064 0.0195143371553 0.274294225398 0.0128556666233 0.01599663111 0.0187838249249 0.00266524755062 0.0107258042044 0.0128814343879 -0.00199936652974 
-0.0112108720586 0.0315571454922 0.0227223031098 -0.000298938871684 -0.0035067605554 0.00575535918709 0.0391743996355 0.0104307209546 0.0181058286564 -0.0127210492683 0.108761964516 0.0234824456331 0.0128556666233 0.488117025731 0.020349823757 0.0192262915461 0.10403299674 0.0349243711385 0.0237178428687 0.0318550180638 
0.0409643699105 0.0432108963996 0.041222622504 0.0107068481769 0.020366352683 0.0233046930153 0.027449121842 0.00931552894891 0.0172325122629 0.000907184210819 0.0377240702513 0.0364667607166 0.01599663111 0.020349823757 0.253481099068 0.0231510929013 0.0123500193473 0.0337273946955 0.00541353486227 0.00362328103137 
0.0408293466529 0.00929573855449 0.0146211638181 0.0051051906921 0.0228423626543 0.0272165488583 0.0368119962139 0.0310749943506 0.0360624069179 0.0443248257806 0.0442268845245 0.0286698045861 0.0187838249249 0.0192262915461 0.0231510929013 0.237170833853 0.0264328406648 0.0216318506195 0.0111685823345 0.0278436266631 
0.00398434538035 0.00558535070375 -0.0139131266935 0.00865227920688 -0.000107233651129 0.018833510282 0.0143340105509 0.0188601330141 0.0138963165584 -0.00321184563997 0.0691027354441 -0.00155048771945 0.00266524755062 0.10403299674 0.0123500193473 0.0264328406648 0.255520017963 0.0113571041373 0.0066253519154 0.0242057042905 
0.00890240999199 0.0275093049329 0.0204909341649 0.0323465816878 0.0238098359936 0.00117059639666 0.0658988738751 0.0479817663568 0.0213239144433 0.0275447647809 0.0459286522021 0.0351615136069 0.0107258042044 0.0349243711385 0.0337273946955 0.0216318506195 0.0113571041373 0.510183374324 0.0207035014631 0.0247479081235 
0.014615462645 0.0204918244823 0.0013243308333 0.00181838626306 0.0138602457313 0.0186090799627 0.0262021156937 0.00402804248512 0.0284564864532 0.0140125902414 0.0301433227164 0.0117214013396 0.0128814343879 0.0237178428687 0.00541353486227 0.0111685823345 0.0066253519154 0.0207035014631 0.243668607857 0.0247630436996 
0.0236317763457 0.0194988074674 0.0075362119444 0.00366792234116 0.0111432956272 0.0192262515753 0.0260379598074 0.00527941120087 0.0218787171406 0.0126659937231 0.0526121366212 0.0110151600285 -0.00199936652974 0.0318550180638 0.00362328103137 0.0278436266631 0.0242057042905 0.0247479081235 0.0247630436996 0.43515222739 

['ZION', 'MEDI', 'CPWR', 'CAG', 'SLE', 'CINF', 'MXIM', 'HRB', 'CCL', 'WAT', 'X', 'ADBE', 'ECL', 'WFT', 'MCK', 'AXP', 'CVX', 'LU', 'GD', 'AOC']