20
0.0420146984796 0.0135350028622 0.0448147494519 0.0832698050771 0.0348828940045 0.0380825412642 0.0255121646837 0.0144645316835 0.166074759161 0.0884893451388 0.0248078828137 0.129241945615 0.0146510565804 0.0290232005544 0.0162161188728 0.0602494739115 0.0270000307956 0.214537342356 0.128413882411 0.0878126089614 
0.217094284999 0.0159087504151 0.0156355265228 0.0437879947144 0.0180530030364 0.0179619694061 0.0291781229518 0.00638362631959 0.0377786780233 0.0340952592553 0.0250501054178 0.0198051151071 0.011990780341 0.0216162123336 0.0375478051933 0.027697061779 0.0186517213591 0.0364887753537 0.0520639570624 0.0295239063142 
0.0159087504151 0.205632969131 0.0208533317768 0.0083192667859 0.0297253222933 0.0156878517627 0.0224699971738 0.0245244436925 0.0361236531493 0.0275286182269 0.0173283063391 -0.00297586566739 0.024105667263 0.00933253130309 0.022075069142 0.0244947024896 0.0282533328047 0.019633247517 0.0320617342205 0.018932146732 
0.0156355265228 0.0208533317768 0.474966353455 -0.00418958835523 0.0217143922743 0.0164930223466 0.00976341019671 0.00693202488346 0.0301295720659 0.0168391577379 -0.00262595129291 0.0196450694774 0.00813574104324 0.009362820641 0.0201923958169 0.00461233745114 -0.000431821722568 0.0392272621515 0.00826159736605 0.00422470441835 
0.0437879947144 0.0083192667859 -0.00418958835523 0.380207583214 0.0379986317695 0.00789280327021 0.00892614056291 0.00984221056169 0.0831206733813 0.012895432892 0.0109061841803 0.0406713361487 -0.000858168744154 -0.00275035914403 0.0357692932951 0.0117182311129 0.0211322871708 0.0116347740961 0.170448651646 0.02091770933 
0.0180530030364 0.0297253222933 0.0217143922743 0.0379986317695 0.238116137895 0.0221602571166 0.0102168341313 0.0109231693502 0.0588122218139 0.0284724907855 0.0211006606492 0.0161880532149 0.0127069416984 0.0119322763959 0.0111658592444 0.0147563485996 0.0289609837884 0.039280502901 0.0132784844102 0.0364402088303 
0.0179619694061 0.0156878517627 0.0164930223466 0.00789280327021 0.0221602571166 0.254229393606 0.00936756573607 0.0130974752112 0.0393040603858 0.0310989594278 0.0133044854464 0.0157879962081 0.0102952193083 0.0118512602682 -0.000723300036776 0.0113858391522 0.0167901120942 0.0633107501933 0.0167378999698 0.029082402508 
0.0291781229518 0.0224699971738 0.00976341019671 0.00892614056291 0.0102168341313 0.00936756573607 0.171267387167 0.0068999795479 0.0153532798891 0.021145922483 0.0178296670407 0.00530457096311 0.0239994532576 0.0363242956017 0.0363865569438 0.0241701648156 0.0141357159068 0.0115132068512 0.0139693736072 0.0253819646126 
0.00638362631959 0.0245244436925 0.00693202488346 0.00984221056169 0.0109231693502 0.0130974752112 0.0068999795479 0.291351920648 0.0171229613541 0.0271394627199 0.0109916279635 0.00624787232047 0.0192761606222 0.00147296016305 0.0146518840217 0.0108886372273 0.0234184871199 0.0357851915347 0.00440495713663 0.0232570715847 
0.0377786780233 0.0361236531493 0.0301295720659 0.0831206733813 0.0588122218139 0.0393040603858 0.0153532798891 0.0171229613541 0.523236867227 0.0323889336106 0.0184644707605 0.0346130475573 0.0169644941583 0.0350890180886 0.0211918716372 0.0479334944604 0.0509454368546 0.0401646060071 0.102682519517 0.0552390193505 
0.0340952592553 0.0275286182269 0.0168391577379 0.012895432892 0.0284724907855 0.0310989594278 0.021145922483 0.0271394627199 0.0323889336106 0.48759030704 0.0112010708901 0.0373009801433 0.0180799934638 0.021754022794 -0.00110855947941 0.0079398144117 0.015016630542 0.0648816514861 0.0242732316688 0.0535895525573 
0.0250501054178 0.0173283063391 -0.00262595129291 0.0109061841803 0.0211006606492 0.0133044854464 0.0178296670407 0.0109916279635 0.0184644707605 0.0112010708901 0.217298784501 0.0108878773313 0.0289402429086 0.00436718939913 0.0103781181523 0.0199604365899 0.0236355065644 0.0244780647066 0.0190810480325 0.0279803047351 
0.0198051151071 -0.00297586566739 0.0196450694774 0.0406713361487 0.0161880532149 0.0157879962081 0.00530457096311 0.00624787232047 0.0346130475573 0.0373009801433 0.0108878773313 0.570323570206 -0.00358399306408 -0.00333090290838 0.0230986361046 0.0343887542253 0.0194405429158 0.0342069618383 0.0458656376705 -0.0030834812212 
0.011990780341 0.024105667263 0.00813574104324 -0.000858168744154 0.0127069416984 0.0102952193083 0.0239994532576 0.0192761606222 0.0169644941583 0.0180799934638 0.0289402429086 -0.00358399306408 0.16082099132 0.0169437365328 0.0164759474571 0.013020293364 0.0276795613472 0.0195610289143 0.00590518296623 0.015918720847 
0.0216162123336 0.00933253130309 0.009362820641 -0.00275035914403 0.0119322763959 0.0118512602682 0.0363242956017 0.00147296016305 0.0350890180886 0.021754022794 0.00436718939913 -0.00333090290838 0.0169437365328 0.259552217779 0.0186797757079 0.034829206066 0.0277121467944 0.0189183723252 0.0117736536841 0.0169085431987 
0.0375478051933 0.022075069142 0.0201923958169 0.0357692932951 0.0111658592444 -0.000723300036776 0.0363865569438 0.0146518840217 0.0211918716372 -0.00110855947941 0.0103781181523 0.0230986361046 0.0164759474571 0.0186797757079 0.205996060671 0.0138353367826 0.0160870258199 0.0163327340779 0.0331930272291 0.0036061004267 
0.027697061779 0.0244947024896 0.00461233745114 0.0117182311129 0.0147563485996 0.0113858391522 0.0241701648156 0.0108886372273 0.0479334944604 0.0079398144117 0.0199604365899 0.0343887542253 0.013020293364 0.034829206066 0.0138353367826 0.314065683282 0.0267170203809 0.0432917966718 0.0207227321239 0.0181244472903 
0.0186517213591 0.0282533328047 -0.000431821722567 0.0211322871708 0.0289609837884 0.0167901120942 0.0141357159068 0.0234184871199 0.0509454368546 0.015016630542 0.0236355065644 0.0194405429158 0.0276795613472 0.0277121467944 0.0160870258199 0.0267170203809 0.22799733118 0.0488635090528 0.0291220796074 0.00576326700733 
0.0364887753537 0.019633247517 0.0392272621515 0.0116347740961 0.039280502901 0.0633107501933 0.0115132068512 0.0357851915347 0.0401646060071 0.0648816514861 0.0244780647066 0.0342069618383 0.0195610289143 0.0189183723252 0.0163327340779 0.0432917966718 0.0488635090528 0.981711321362 0.0599902875733 0.084931729519 
0.0520639570624 0.0320617342205 0.00826159736605 0.170448651646 0.0132784844102 0.0167378999698 0.0139693736072 0.00440495713663 0.102682519517 0.0242732316688 0.0190810480325 0.0458656376705 0.00590518296623 0.0117736536841 0.0331930272291 0.0207227321239 0.0291220796074 0.0599902875733 0.47590334569 0.0258467103529 
0.0295239063142 0.018932146732 0.00422470441835 0.02091770933 0.0364402088303 0.029082402508 0.0253819646126 0.0232570715847 0.0552390193505 0.0535895525573 0.0279803047351 -0.0030834812212 0.015918720847 0.0169085431987 0.0036061004267 0.0181244472903 0.00576326700733 0.084931729519 0.0258467103529 0.484083089761 

['LTR', 'CTAS', 'BSX', 'APC', 'AVY', 'EDS', 'CINF', 'IPG', 'NUE', 'BMC', 'MMM', 'DYN', 'GE', 'CB', 'NI', 'WEN', 'ITW', 'PMCS', 'HAL', 'NVLS']