100
0.00873698993333 0.0754552666066 0.0308834605432 0.0254946283421 0.0672535079153 0.0248608942987 0.15717092416 0.0191748751409 0.0522861094618 0.126958151155 0.116671338284 0.0690415105338 0.0535662105727 0.026417897889 0.0631385093148 0.0852779749864 0.0132097716294 0.197480990077 0.0162161188728 0.02392892696 0.0270240384822 0.0240188564254 0.0383245101253 0.0395396308246 0.0388313797841 0.0275926739743 0.0589662330248 0.0413167922229 0.0295384146509 0.0352458247454 0.0878126089614 0.065735385914 0.0309081568087 0.0988670942005 0.0621529110589 0.0545934085328 0.0592302274211 0.0682562642732 0.133327922328 0.00699576056141 0.0151091702759 0.0782010317916 0.360667625942 0.0296866664977 0.0448147494519 0.0220926651793 0.0124927962784 0.126302472887 0.0265727047954 0.136312174374 0.104903250727 0.0340091550877 0.0623322546876 0.0192488530763 0.00399952409326 0.0861911318708 0.0267965440056 0.0313696733512 0.0884893451388 0.0538734886168 0.0726136826411 0.0362094771936 0.143584613331 0.0448250845436 0.0610020106181 0.0502759777883 0.0692922129373 0.0722101641432 0.0896788789081 0.147407151382 0.13159191543 0.0325349378307 0.116988452624 0.0335346879574 0.0434942638749 0.0559384191954 0.080285366307 0.0597094198611 0.078059567066 0.118814959333 0.045915457725 0.0231877092109 0.0272516352802 0.0773240107923 0.0522856391002 0.0285507317948 0.061476397973 0.00361039022472 0.0254158643172 0.0284224966367 0.018453974145 0.0380288664812 0.0412963652708 0.0161403943775 0.0695535734162 0.0361599942098 0.143796644659 0.0449016594387 0.0631330997176 0.074230100705 
0.100596874631 0.0197955242239 0.00846074076231 0.00719658300472 0.00220080351575 0.00659584984297 0.00360384023038 0.0132374007302 0.0108426339355 0.00336396721082 0.000812059612383 0.000334089434384 0.0173299395419 0.00469126113823 0.00368994638085 0.0044768687895 0.0144459558279 0.00522824383575 0.0131843279209 0.00494337360309 0.0104967220906 0.0139856709235 0.00490157327304 0.0137302610247 0.00486417823512 0.00864858544587 0.000390432425911 0.0171290119274 0.00846243641132 -0.00153202042675 0.0061172615762 0.00942352788279 -0.000965481024637 0.0123210579292 0.00776193803604 0.00900967596281 0.0073837490118 0.00356700084101 -0.00193444196517 0.0130345708604 0.00462258845497 0.000933463121192 0.00485262350091 0.0205449655793 0.0041818091281 0.00536334048401 0.00768153641197 0.00264093595727 0.00756450644252 -0.0140791135669 0.0158976673064 0.0109243309417 0.00257178435748 0.0173153088044 0.0120655924051 0.00936342021774 0.00952076101654 0.00948413391583 0.000751277816941 0.000815466687521 0.000892135995869 -0.00145759801813 0.00773041784713 0.00633585976101 0.000473608194412 0.0113788606911 0.0107644216281 0.0105299784069 0.0122529900161 -0.00209989307729 0.007970952272 0.000632814534309 0.0105966741261 0.00742074594082 0.0106421496596 0.0124167991196 0.0119380585718 0.00895896433417 0.00144377733785 -0.000421557940518 0.00454275104523 0.00448470618003 0.00771164385275 -0.00112483777379 0.0107896772314 0.00337801705563 0.0100848979305 0.0125249261394 0.00989339136009 0.0165346884115 0.0107875135767 0.014667725195 0.00522443114346 0.0124744550103 0.0168537949997 0.00786005787254 0.00970365884542 0.00603465557913 0.00383108757036 0.00446977775929 
0.0197955242239 0.636999384968 0.00666852196801 0.00750522393725 0.0439126404347 0.0220975663997 0.0134548820953 -0.000596813236065 0.0336274036166 0.0307646742731 0.021707890321 0.0186215318772 0.0197849247357 0.0366001739694 0.0184716492074 0.0222482493162 0.0111205317288 -0.00220724402571 0.0236159538602 0.0308151202909 0.00657654556559 0.0116648078514 0.0276001141834 0.0186707570097 0.0738139257106 0.000253964301412 0.0272293242114 0.0214094200626 0.0152581209507 0.00648240139543 -0.00939920840763 0.0335231878015 0.00986923664016 0.0143835959393 0.018116513553 0.0276010392307 0.0488314168046 0.00920023513939 0.00431507568103 0.0147707517949 0.0109700276744 0.00745349950159 0.0420398623528 0.00474836656537 0.0129084933287 0.00852990828952 0.035872265151 -0.0174284106027 -0.0077555506194 0.00167329269673 0.0146068426413 0.0196300852794 0.0148876244003 0.0131620302469 0.0106963839097 0.0222589200779 0.0196228897608 0.00710076773819 0.0153681711657 0.00787731447349 0.0445393118027 0.0112104366399 0.0829487426015 0.015710593471 0.0069342513049 0.00398308019091 0.0198534651509 0.00138511325391 0.0154282694688 0.0547659512091 0.0485653620278 -0.00274548521328 0.0724233344281 0.0175425681907 0.0310339677118 0.0181635087494 0.0115840839652 0.0324531754325 0.0090530428602 0.0274200816485 0.00293522535333 -0.00136855665053 -0.00395544584709 0.0558142541928 -0.01341813666 0.00932390239485 0.0139028246144 0.00841603786611 0.0151998331754 0.00408934312022 0.01687986615 0.0219600298794 0.0167598649833 0.00930804775889 0.00270921485289 0.0114286681033 0.00491629310733 0.00211908850277 0.0140006493655 0.0671658930966 
0.00846074076231 0.00666852196801 0.188690670208 0.0153602259179 0.0137196949106 0.0407869819864 0.0165459827258 0.00813369884857 0.00333900914973 0.00610133922745 -0.00481245061748 0.0165690034101 0.00897947085643 0.00314865258659 -0.000888078207477 0.0103900303282 0.000919269170986 0.0102813248955 0.0117374042116 0.00643391551563 0.0214870049087 0.00918239587893 0.0150489621886 0.00931120362334 0.0195326111098 0.00301247479835 0.010286796696 0.00695395418929 0.0296624721239 0.00585567469756 0.0257042827374 0.0179111886496 0.0216913592331 0.0142101710344 0.0067475057285 0.0143266857917 0.00175726107462 0.0016872473088 0.0115587731123 0.0114437453526 0.00396651611577 0.00757373242663 0.00817579165068 0.0218194044512 0.00655845976396 0.0112678701541 0.00933275008602 0.00117765766129 0.00989228879246 -0.0142143256955 0.0101596672035 0.0306478172693 0.0408509432468 0.0141694912336 0.00700066948737 0.00691459664406 0.0386544323776 0.0101554173082 0.00469233587646 -0.00191585598635 0.0171506884608 0.0156766448307 0.00221366394433 0.0090468623434 0.000658421744072 0.0209409211058 0.0175021484469 0.00614753146446 0.0177727831183 0.00751364648176 0.00502119841115 0.0135548553697 0.0203158554707 0.0146815181819 0.00176585252284 0.0035588159192 0.0133068338549 0.00945085301471 0.0214737682305 0.00314930609379 0.0171160592152 0.00950400087181 0.00526929871612 0.0169580995758 0.00287984198189 0.0132528653471 0.0233840005355 0.0111589312839 0.0110422474521 0.0101988806941 -0.00313341434557 0.0129993690836 0.00995235278651 0.0142655456608 0.00626131081421 0.0258513818986 0.00924926252894 0.0148235365018 0.00439525505255 0.0117638718684 
0.00719658300472 0.00750522393725 0.0153602259179 0.183322598872 0.0128193217673 0.0244277529834 -0.0052110407824 0.0124978125367 0.00551206814433 0.0204528759175 0.00568277819301 0.00983917471075 0.0124497346814 0.00119536954411 0.0260104430737 0.0194264962253 0.00281534385101 0.00664490327674 0.047811808042 0.00345017989667 0.00173327065946 -0.00178210878599 0.000523061607087 0.00251406852635 -0.00210279201279 -0.00266077662285 0.00219941133885 0.0101367447382 0.0142821076728 0.00238736090064 0.00303526400691 -0.0023741085802 0.000845022502086 0.004252048073 0.00883271920853 0.00583673121137 0.0085275810337 -0.00265543411172 0.00807442107305 0.0413323331957 0.0109941982623 0.0187125067647 -0.00117845011462 0.0150760792751 0.00213769433181 0.0349261743899 0.000866053643132 0.014892497132 0.0234835315863 0.00273846871101 0.00688254250443 0.00911615088617 0.000979452487577 0.00784507553326 0.0104361461035 0.0119682891446 0.00786025442178 0.00526933733657 -0.00451362492314 -0.00251031933829 0.004932712881 -0.002197312562 0.0141809684201 -0.0103389358624 0.00177717230168 0.00326455309116 0.0124386344377 0.0147777997897 0.021121302516 0.0224786697418 0.0148647477464 0.00997106166916 -0.00148447356702 0.0116130274822 0.000102956053997 0.0153987322683 -0.00472862893895 0.00280121905593 -0.00267721299735 0.00670783527579 0.00611575148605 0.0117254165732 0.00488889164827 0.0053192314714 0.00137751627325 0.0104071728384 0.0125992776456 0.0125725085417 -0.000493659989529 0.00895235423919 0.000758771592296 0.0031068212784 0.0182453292976 0.00569056515726 -0.0002888988625 0.0467602044709 0.0153302981451 -0.00245793335853 -8.19235954773e-05 0.00146829799164 
0.00220080351575 0.0439126404347 0.0137196949106 0.0128193217673 0.316058461335 0.0319405358126 0.0120785744991 0.0143883274825 0.0221050916589 0.000832284847623 0.0153939024763 0.0335667002932 0.0145967754426 0.0184693473052 0.0112772059081 0.0255236751016 0.00611901295707 0.0172898511746 0.0169032048742 0.027173420395 0.0204830372935 0.0138714172754 0.0406450037382 0.0234736159638 0.0150456388869 0.0132429551832 0.0331080230461 0.00707678949009 0.0119686665105 0.0228088691173 0.0195981999007 0.00791334181642 0.028844962419 0.0414557444398 0.0688215897559 0.0154812638051 0.00846853417115 0.0196501176182 0.0405899268398 0.0132425146515 0.016053065641 0.0148115501337 0.0262631165707 0.0244222676995 0.000202221871074 0.0201901312451 0.0188602086748 -0.00143460229232 0.00526241030763 -0.00449093856841 0.0165716164384 0.0245875468651 0.0217686059835 0.00148470673672 0.0133210861158 0.00350246858473 0.0224672750352 0.0133507578717 -0.00772399528941 0.0269929110027 0.00575142806674 0.0289401057938 3.96840950345e-05 0.0157673963265 0.0119651199215 0.0148624765383 0.00798040318192 0.0163740416579 0.0222368043267 0.0131411385754 0.000698712752177 -0.00365642423446 0.0292949904891 -0.00138281358314 0.04011110449 0.0243316772956 0.0034619615141 0.0152877212291 -0.0140423277211 0.0174183317135 -0.00348037198518 0.000889185750301 0.00664037103537 0.035424068726 0.00899745236894 0.0176203904969 0.0310735421123 0.00663454988259 0.00596314617193 0.0108945250446 0.00233351233424 0.0255224122396 0.0177901238565 -0.00397088167305 0.0102572313245 0.00956566258351 0.0276705035084 0.0249727136465 0.0147565105447 0.0580557956309 
0.00659584984298 0.0220975663997 0.0407869819864 0.0244277529834 0.0319405358126 0.184792261691 0.014196019537 0.0198486807158 0.00660605269824 -0.00813004839853 -0.000161475977077 0.0119777605816 0.0206029188416 0.012412548257 0.0278819058249 0.0204509377205 0.0109659615831 0.0138616361636 0.0193905925904 0.0137257446187 0.0294291899224 0.0198781911231 -0.000234484349428 0.0106662807575 0.00163619634087 0.00442820492753 0.0230956402748 0.0284678953454 0.0179262564022 0.0137962892939 0.034486900874 0.0232678193721 0.00686825104095 0.00251425395574 0.0216716337074 0.014988981089 0.024141041659 0.0167777724149 0.000623723554448 0.013185096594 0.0052830294274 0.00627778650625 -0.00873418551178 0.0102036653912 0.00901436823571 0.0046688346387 0.00828627342029 0.00694031113581 0.00725084922723 -0.00717105094163 0.0240195374639 0.0327633839747 0.0126568297126 0.00388878926803 0.0131190113436 0.0234015814839 0.0418360071114 0.00716626256459 0.0112889951878 0.0104546141509 0.00196378215594 0.0460128295911 0.0045540443094 0.00774198326227 0.00806870222267 0.0273592715825 0.0185156308627 0.011557424225 0.0160633147738 -0.00425070785809 0.0139252394876 0.0191582857002 0.00655437509636 0.00962527736118 0.0103103373832 0.0141471146178 0.0127230435682 0.0214115439139 0.012889904277 0.0139141952931 0.00889720756851 0.00488902166588 0.0274684955753 0.0321664769139 0.000670909442541 0.00266323552633 0.0154421647485 0.0108966105725 0.00924750221353 0.0135082014986 0.00121115822514 0.0189809545406 0.0132243749904 0.00516466041704 0.0115163682986 0.0103270597813 0.0576845001817 0.00696357963707 -0.0144921473868 0.0341756948341 
0.00360384023038 0.0134548820953 0.0165459827258 -0.0052110407824 0.0120785744991 0.014196019537 0.598412956342 0.0247909611073 0.0145485987655 0.0173843536475 0.0455206758995 0.0567177247941 0.0182825344662 0.0207512224365 0.0274403915656 0.00183339713404 0.00171679602024 0.0427405251587 -0.00274629669315 0.0150481570952 0.0193900490537 0.0375942855646 0.00784575529242 0.0131456001503 -0.00265166109305 0.010683923757 0.0105678923125 0.00947824921252 0.0229201928063 0.0122080975494 0.0475546447992 0.00546764944195 0.00818479393436 0.0483552560593 0.0191376039894 0.0427925313011 0.00832322169852 0.0260073246776 0.0316624279696 -0.00373912855546 0.0133208339256 0.0571432062216 0.0655234633573 0.0182205722668 0.010581512835 -0.00167635130349 0.00217792666373 0.0380728838525 0.0109447055332 -0.0194136267571 0.0612198237445 0.022138252366 -0.00504068646205 -0.00044742849 0.002429104209 0.048571800904 0.0144565154306 0.00482211795169 0.0396517492457 0.00685441735001 0.0303677333059 0.0186196459286 0.025845902528 0.0200052418408 0.0232610865109 0.0304831329919 0.0489742864071 0.055483195661 0.0264334987632 0.0318165992337 0.0190672774701 0.0267397559168 0.0400043432693 0.0128624379559 0.0450215684059 0.0378294397405 0.0302857366957 -0.000541590561888 0.000844282521634 0.0527444755803 0.0193670943474 0.0147781556939 0.0014165168976 0.0381732628637 0.0242840322249 0.0143791575404 0.0498462986328 -0.0022758514288 0.01184280189 -0.0130065740633 -0.0043607442356 0.0366407433333 -0.00479206427911 -0.0120350906263 0.0129514459068 -0.000215197943463 0.0864371538467 0.0136521322585 0.0241392450419 0.0352775280725 
0.0132374007302 -0.000596813236065 0.00813369884857 0.0124978125367 0.0143883274825 0.0198486807158 0.0247909611073 0.162935532743 0.0153370365644 -0.00588771925307 0.0214087161169 0.00963391972257 0.025292942066 0.00201576408322 0.00151955015523 0.015201349475 0.0182540191513 0.017810328443 0.00796236677094 0.0079947726071 0.0227239392789 0.00733007429914 0.0110439104166 0.0152923347617 0.00410501294598 0.00557398581714 0.00566917994154 0.0130803565179 0.0163139521139 0.013563085038 -0.00176731755929 0.00755978138049 0.0188913041348 0.00469497476616 0.010493570464 0.0340901031014 0.0136430778654 0.00699447064531 0.0161620375652 0.00976415496627 0.0166978036981 0.00103803801413 -0.00425094805813 0.0326223922048 0.00753493314963 0.00564954109187 0.00933803343658 0.00682235061975 0.0229355661471 -0.00930745342583 0.0151568251108 0.0193418967135 0.00261028356037 0.00447857093912 0.00819663058127 0.0030495550684 0.019061214485 0.0139252115178 0.00983308780251 0.00206415508948 0.0141479970326 0.0106885401087 0.00333784449023 0.0158618746131 -0.00823351647028 0.00874272612302 -0.00371758033904 0.0175293756807 0.0134998359192 -0.00358227238767 0.00321326457239 0.0110629939302 0.00796153832877 0.00664417958896 0.0116887452251 0.0131649969541 0.00989975096816 0.00279626327275 -0.0160197418671 0.00731565416066 0.0128671001188 -0.00375692108715 0.0149004545295 0.0186242032539 0.00604418498881 0.000913748429783 0.0375868492686 0.00358619577996 0.0135446674826 0.00649690888332 0.0144619721014 -0.00955771636384 -0.000388664289142 0.00906596700097 0.0126054605871 0.0147344954916 0.0322920775458 0.00747921018119 0.0151593577386 0.0107565112624 
0.0108426339355 0.0336274036166 0.00333900914973 0.00551206814433 0.0221050916589 0.00660605269824 0.0145485987655 0.0153370365644 0.2883972597 -0.0112567930579 0.0481351404764 0.0260964797158 0.0271493378407 0.0178403621356 -0.0026919957106 0.00782301941227 0.00059839604192 -0.00873424223576 0.00832448094745 0.0181406019512 7.63252730375e-05 0.0138805066488 0.0166134178909 0.0210503078393 0.0117319051059 0.0111544912478 0.011127696439 -0.00404343030478 0.0176248652086 0.00578601948599 0.0360161640573 0.00848148598743 0.0118163749038 0.0279709693166 0.0156307002682 0.0334795131303 0.00177682252253 0.0215147922285 0.0177745954078 0.0085030345595 0.0140349741449 -0.0142636717009 0.0214932950082 0.00183269370963 0.0219119388254 0.0148562358547 0.0138884483672 0.0214038848264 0.0306730127089 -0.0148126297719 0.0530132969202 0.00976498796877 0.0289093230444 0.011317908678 0.0131067456676 0.00790229025106 0.000800551299164 0.0124875085567 -0.00828344359714 0.0386291539686 0.0256984242794 0.0145845492742 0.0197846827777 0.0172865350938 -0.00701748244249 0.00184770169618 0.037317193152 0.0325766436823 0.0207527186945 0.0303678042137 0.0178400858678 -0.0088227865953 0.0275379018591 0.00311695221612 0.0383641310141 0.0127896878105 0.0385056416301 0.0235532692935 0.00403609246326 0.0196450719575 0.0196078245409 0.00485434359465 0.000909956230459 0.0295044680861 0.00887262474982 0.0179142398138 0.0115491710752 0.0152799939759 0.0138938018644 0.0192037764755 0.0123772775554 0.0396982631402 0.0179163970893 -0.00164257940685 0.000817943460721 0.0120792152102 0.0352651091465 0.0290701148042 0.0176924509392 0.03397080056 
0.00336396721082 0.0307646742731 0.00610133922745 0.0204528759175 0.000832284847623 -0.00813004839853 0.0173843536475 -0.00588771925307 -0.0112567930579 0.353503906033 0.021510526006 0.00798346694402 0.0199679978975 0.0119884798338 0.00524324235696 0.0178648380043 -0.00588387588924 0.000127642037692 0.0361967901999 0.0173142562888 -0.0091016911936 0.0125478100308 -0.00285383271312 0.000564802496821 0.0286610953538 0.015467099349 0.0142235865325 0.0142130632602 0.0150782714487 0.00474253026559 0.00446428726079 0.0127237025237 -0.00598158878909 0.0118060135533 -0.000715743082843 0.0281316792215 0.0117695386804 0.0219960102906 0.0226975475587 0.012132887802 0.00775784855047 0.00243023587416 0.0482980924483 0.0207814897335 -0.0130632512887 0.0189637178118 0.0137230535247 0.0792073771264 0.00122938175565 0.00149883289062 0.0100494046456 -0.00622549523553 -0.016334879293 -0.000564492326023 -0.00305570975612 0.0264914934532 0.00298139530879 0.00534325649893 0.00307517140972 -0.0151342103481 0.0362763594763 -0.00583170818687 0.141388676886 0.00354598874173 0.00236934081208 0.0149877635296 0.010384449891 0.020230132755 -0.00654374012068 0.168506626785 0.129120142852 -0.000745025786188 0.0331069927448 0.0158175721386 0.0188390969583 -0.00757434449298 0.0157389811323 -0.000916476981674 -0.00788108488035 0.0150178053474 0.00626068585333 0.00610999105672 0.0147269632836 0.0503283177803 0.0253216661593 0.0025273256053 0.0105736573701 0.0142358892733 0.000355197062327 0.01596427991 0.00200510223086 0.00679992973162 0.00594717550777 0.00416327197276 -0.0103565150861 0.0335312530791 0.0234831387369 0.00593877708679 0.00452108535679 0.0481727848232 
0.000812059612383 0.021707890321 -0.00481245061748 0.00568277819302 0.0153939024763 -0.000161475977077 0.0455206758995 0.0214087161169 0.0481351404764 0.021510526006 1.05003364178 0.0272992160923 0.0168326341754 0.0164279557597 -0.0135131226531 0.0408172550949 0.014567027732 -0.0126181954303 0.0189004025233 0.0165830445011 0.02359396213 0.0115817702484 0.0253388876089 0.0104200237909 0.00412972267541 -0.0070514217802 -0.00939033261444 -0.00439517441699 -0.00185411616382 0.013834498132 0.0282122540082 0.00758210085287 -0.000666495934105 0.0279871814556 0.00327946260907 0.0140523509901 0.0120955915 0.00960457481452 0.0113003178723 -7.4322649246e-05 0.00486556762006 0.00180397573389 0.0694440455896 0.0078655137208 0.00241872862478 0.0114140194949 0.0153242620175 0.0170564646615 0.0106910162293 -0.00819875122509 0.0153292381495 0.0068360587705 0.00408662032192 0.0137841824504 0.000407457048813 0.0161212457499 0.0109009503858 -0.0124099349994 0.0267313470935 0.0143455808286 -0.0240647017834 0.0175213762315 0.0670306057939 0.0158525475787 -0.00468245332079 0.00800831840842 0.0175009806482 0.0159717105361 0.0518312979009 0.0284994294621 0.0183425066249 0.139035695594 0.0344476445972 0.00936960351675 0.015588148639 0.0230397599858 0.0228475644904 -0.00614261212144 0.010442389311 0.00479683684641 0.00807966456697 0.0135413290514 0.0194798688223 0.0315486841628 0.0123118592727 0.057650431729 0.0284411173202 -0.0152297856803 0.0198257197247 0.0158890284477 -0.00263031624319 0.0167627819203 -0.000612436391377 0.000581877025158 0.030496295249 0.025793773389 0.0558753719157 0.0170011906078 0.00467229073434 0.037547427788 
0.000334089434384 0.0186215318772 0.0165690034101 0.00983917471075 0.0335667002932 0.0119777605816 0.0567177247941 0.00963391972257 0.0260964797158 0.00798346694402 0.0272992160923 0.402302750292 0.0272627186758 0.0185478533406 0.0596332975242 0.00119669423046 0.0194625712622 0.0289619554721 0.00403205401196 0.0120882251228 0.00756640794584 0.0253773379566 0.00377223455097 0.0351812989735 0.0439170090105 0.0341888806521 0.0340784566936 0.0106784621446 0.0288570477126 0.0162412408707 0.0267117515354 -0.00869212096881 0.00768384386651 0.0507360140619 0.0145192308436 0.0360826325255 0.0115459990683 0.0167586245479 0.00551703877477 0.00154943766675 0.000564610374294 0.0319350616321 0.0486202754066 0.013402814013 -0.00112899236798 0.00235360105898 0.0135522184349 -0.0106595779819 0.00818842660165 -0.0069826006174 0.0124646901824 0.00603281687197 0.00686927855704 -0.000440713688922 0.00914998537474 0.0340032500424 0.0125053841227 0.0129719608423 0.0273940597963 0.00627020008718 0.025130618842 0.023388652004 0.0146347646414 0.00580624860469 0.00721731971331 0.00734158763299 0.048860894916 0.0463410316101 0.044364742814 0.0138249979547 0.0189524972258 0.0161368046956 0.0416567379984 0.00363639945313 0.0218363228382 0.0271153964694 0.0416049046799 0.0286350138948 0.0215967048558 0.040416010891 0.0431358635731 0.00711534820605 0.00993739233682 0.0187363374987 0.0123756936185 0.0130984355128 0.0262205807307 0.00669606233851 0.0141858674662 0.00295644254575 0.013599816001 0.0140721360831 0.00857547918618 0.0286428237237 0.00683592732645 0.00563108095841 0.0594442754172 0.0200199178055 0.0148398825431 0.0298863156026 
0.0173299395419 0.0197849247357 0.00897947085643 0.0124497346814 0.0145967754426 0.0206029188416 0.0182825344662 0.025292942066 0.0271493378407 0.0199679978975 0.0168326341754 0.0272627186758 0.196537711415 0.00851347587246 0.0145408940755 0.016030608846 0.00564248605773 0.0264881559325 0.0162742584023 0.0178542306192 0.0226122951093 0.00847551300352 0.0114731885669 0.0170270335292 0.013927988063 0.00816754025448 0.00287123805927 0.0194513194538 0.0209883400792 0.0110548562564 -0.00899957074261 0.00181486674599 0.00323362632268 0.00316408112673 0.0179827744748 0.0271216740415 0.0134336204473 0.00306710535728 -0.00037746404661 0.0191503700444 0.011360238689 0.0121408283658 0.0225609725894 0.0228283434521 0.015741755273 0.0222223104649 0.0233667916709 0.0202422667618 -0.00218253956484 0.000399736957654 0.0238775475453 0.0147098248451 0.00470469745333 0.0149155600257 0.0127810291063 0.0140057043963 0.0132384794963 0.00672907882398 0.0188822118758 0.00709813805429 0.0106674160625 0.0205012466022 0.0282217602725 0.0177956349032 0.00547010698031 0.0291262935329 0.0176606837557 0.0112002778258 0.0229082061627 0.0177921418384 0.0212352918299 0.0101989786429 0.0205037972511 0.0151081330705 0.00832387013584 0.0112262959209 0.017670359722 0.0174839055586 0.0123609190091 0.00997716292169 0.00983191733007 0.0133519049807 0.0145695023993 0.0348516635311 0.0190524861251 0.0163714344969 0.0271365494352 0.0208010570036 0.00509166945581 0.00441489033916 0.00868248994111 0.0128713472582 0.00816891738796 0.0030415171892 0.0395328633682 0.0356206307727 0.0281875912074 0.0159857102582 -0.00492355082093 0.0380241928095 
0.00469126113823 0.0366001739694 0.00314865258659 0.00119536954411 0.0184693473052 0.012412548257 0.0207512224365 0.00201576408322 0.0178403621356 0.0119884798338 0.0164279557597 0.0185478533406 0.00851347587246 0.250492986801 0.0105666601996 0.00560293365419 0.0106591500263 0.0195800035905 0.00447549673442 0.0110958710239 -0.000438890638393 0.0127391296144 0.0576879046917 0.00739877225217 0.00959189383232 0.00178384117813 0.0183800690859 0.00469557192368 0.0258597765546 0.0224959118986 0.0290022585498 -0.0130868618989 0.00643982140311 0.0218009855938 0.0161741755617 0.0168053593533 0.00922613133874 0.0199830830125 -0.00227543051466 0.0037939030494 0.0122621555473 0.0162718507037 0.0106413972313 0.002209660831 0.0124484412313 0.00844710423822 0.00384073849414 0.0181330578011 0.0147449623075 -0.00882378811248 0.030410883899 0.00440324616304 0.00282094267249 0.0055449688726 0.00607259326078 0.00668768748911 0.00177313947387 0.01563961618 -0.000988972102837 0.0158277650725 0.0249826519296 0.0165252304151 0.0119463224102 0.0220837445945 0.0162450128716 0.0109040838232 0.0115041682371 0.0411525451365 0.00851287762298 0.0218470887658 0.0170993564049 -0.0094986624612 0.0398465134065 0.00807325527458 0.0244515960844 0.00389272179429 0.0308436287444 0.00832051914625 -0.00191786820728 0.0076027558381 -0.00068865818563 0.00560214672186 0.0151337555609 0.0267408403057 0.0356211032981 0.011596480209 0.01981024585 0.00801586996789 0.018958771141 0.000196994570209 -0.0044026502107 0.00859437978859 -0.00068743974463 -0.00325290231411 0.00692350145561 -0.00856340799919 0.0303795333931 0.0210039448013 0.0191488093307 0.0320480448874 
0.00368994638085 0.0184716492074 -0.000888078207477 0.0260104430737 0.0112772059081 0.0278819058249 0.0274403915656 0.00151955015523 -0.0026919957106 0.00524324235696 -0.0135131226531 0.0596332975242 0.0145408940755 0.0105666601996 0.318917924469 0.0107807630128 0.00585565294392 -0.0201006195859 0.00515760646112 0.0104712550863 0.0118048265069 0.0182710924505 0.00441938657064 -0.00270822451723 0.0240251563801 -0.005605341006 0.00226171514618 0.00942993468565 -0.00856728642553 0.0079092672064 0.0583275558018 0.000376883055161 0.0107865836773 0.0232545336839 0.00843149453379 0.0387104305335 0.012838728783 0.0641849678988 0.0345233636905 0.000806068062718 0.00622133681466 0.0468357843108 0.0630881049649 0.0043703137533 0.00213183010187 -0.00991806401514 0.0114269107025 0.00245643651568 0.00787664389781 -0.00378470848322 0.026840127725 0.00277561151739 -0.00226644193179 -0.0022229847636 0.00176809359756 0.0208566430387 0.00504308456267 0.0112056145105 0.0144024996801 0.0167845662149 0.0404059324955 -0.0155047188791 0.00775423765743 0.00297412866298 0.0139360815564 0.0147953788322 0.0180970512663 0.108209925741 0.0219347931895 0.00638880608168 0.0431632555238 -0.00399195574644 0.0391799774056 0.0094241545832 0.0365436166449 0.0123958165249 0.0176402136519 0.0095732719353 0.0213456478806 0.0235266071754 0.00632691808399 0.013394990595 0.00495260598103 0.0183627038567 0.0346264275006 0.00594861241034 0.0309546002737 -0.00103508176159 0.0158643877872 0.0061098637223 0.00881604492481 0.0250395758591 0.0059972957762 0.00856684970788 0.00415745231153 0.0174031077199 0.0307203695797 0.0294101856354 0.0235327864541 0.0131798352988 
0.0044768687895 0.0222482493162 0.0103900303282 0.0194264962253 0.0255236751016 0.0204509377205 0.00183339713404 0.015201349475 0.00782301941227 0.0178648380043 0.0408172550949 0.00119669423046 0.016030608846 0.00560293365419 0.0107807630128 0.384619115579 0.0101625038967 0.0078545071837 0.0116584479156 0.00300878283721 0.0102080213256 0.0343505292376 0.0181058889135 0.0238151355124 0.0320380840015 0.00530704887117 0.013065942481 0.0512788762286 0.00709591348725 0.00417032214032 0.00343181315256 0.0078012885319 0.039432769511 0.0203929340773 0.0143492977164 0.0158586733601 0.00704749304088 0.00824806717306 0.00646210531927 0.00938831545165 0.0160671084862 0.0025365261645 0.000381762225954 0.00138600773617 0.00794476403713 0.0261626292352 0.0155046838132 0.0109417777041 0.0106778487631 0.00237466774951 0.0151860728508 0.0162382781813 0.0107132936692 0.0133897708101 0.00226112037342 0.00869430807478 0.0136331303698 0.0400201611797 0.0259141379248 0.0290430229665 0.0104755960739 0.0200776891916 0.0110967539022 0.021774669784 0.0170104902062 0.00720312211246 0.00162653521584 0.00724061248869 -0.0114379161885 0.00637299982108 0.00188885929815 0.0351682122618 0.00361713623002 0.00946279651523 0.032669936477 0.00773995588634 0.0363460622473 0.000536622964383 0.0523932356784 0.0121232988204 0.00845219007664 0.0133578246972 0.00367779633088 0.0441392248709 0.0206722534543 0.00160090105171 0.00868405675722 0.0128280744811 0.0129543393222 -0.0010426026123 0.0155457570443 -0.000929724481449 0.0232760531085 0.0115905774463 -0.00308388566398 0.0261542545163 0.0221418425048 -0.000602709696963 0.00406363641479 0.01473952657 
0.0144459558279 0.0111205317288 0.000919269170985 0.00281534385101 0.00611901295707 0.0109659615831 0.00171679602024 0.0182540191513 0.00059839604192 -0.00588387588924 0.014567027732 0.0194625712622 0.00564248605773 0.0106591500263 0.00585565294392 0.0101625038967 0.151340195902 0.0205751622665 0.00727803205299 0.00327034858715 0.0115858119914 0.0081909395903 0.00355936384995 0.00949411924329 0.0106635167659 -0.006849942761 0.0134306727971 0.00601309503345 -0.00190938567244 0.00992446873378 -0.00914823696482 0.0240641937 -0.000565036079646 0.0387386134375 0.00723567878364 0.0219304566194 0.00705838944702 0.0110457253526 0.00737514668506 -0.0045989191129 0.0140011403898 0.0127597374584 0.0193245252243 0.0121698715048 -0.00110009080602 0.00296052285584 0.0112507219732 0.00628895261412 0.000454134030149 -0.00439007041439 0.0163225146455 0.00422717213242 0.0054809052255 0.00963282279195 0.0228797964985 0.0160788058783 0.00463789059735 0.000387394368327 0.00930334945396 0.00450131144502 0.00521637823376 0.0188321886784 -0.000336553825822 0.0166944897415 0.010913261925 -0.0036611001077 0.0134032556907 0.00374353998771 0.0241501341439 -0.00351784466704 0.00191778628856 0.00600560638822 0.00254333816209 -0.00533338354488 0.0203999847415 0.00111666892347 0.0085929142675 0.0067731733468 0.00707953631496 0.0149887935926 -0.00132330899615 0.00472946172793 0.00528310811256 0.013786107004 0.0038722845053 -0.00515364184386 0.0134312130795 0.00622033342477 0.00620050945484 0.0038376518613 0.0157507927062 0.000622830615247 0.00170993087484 0.0124514358152 0.0102643929498 -0.00260198807685 0.0151295348114 -0.00219348500656 0.0202045136823 0.00443364992232 
0.00522824383575 -0.00220724402571 0.0102813248955 0.00664490327674 0.0172898511746 0.0138616361636 0.0427405251587 0.017810328443 -0.00873424223576 0.000127642037692 -0.0126181954303 0.0289619554721 0.0264881559325 0.0195800035905 -0.0201006195859 0.0078545071837 0.0205751622665 0.852851836792 0.00196940728273 0.0111957688914 0.00367743145822 0.00575868027916 0.0681702041994 -0.0239672942976 0.0166268113102 0.0164113775074 0.000445232419873 -0.00868129566067 0.0184033162785 -0.00452622528885 0.0311034807998 0.0130828830638 0.0492155151228 0.0465474543621 -0.00316053416647 0.00185328572656 0.00339712472144 -0.00595044779599 -0.00416194386938 0.014405775903 -0.00287889891681 0.126419182389 0.0567669828666 0.0137533829335 0.0164798602995 0.0141487452447 0.0471692027028 0.0203161427886 0.0262645993931 -0.0228992959988 0.0523009056036 0.0052868109852 0.0280641117263 0.00291883899846 0.00867368823871 0.010574167798 0.013710971148 0.004182650961 0.00514958544301 0.0210047995357 -0.00871521174735 0.0310477188315 0.0209731022695 0.0177519820141 0.0470565498794 0.00680611450737 0.0276315401103 0.000391955299846 0.0534555203006 0.0339728886495 0.0237172424092 -0.0197097049297 0.012830418599 0.0335545991858 0.016944128494 0.00714573894375 0.00542576660857 0.0207456726885 0.00581311264642 0.0262171614594 0.0130112836164 0.00109758876549 -0.00558400510262 0.0412931269111 0.00650987676053 0.00295515031976 0.022271997953 0.0202284115474 0.0110723088883 -0.012637710959 -0.00572955187951 0.0194960607846 0.0115858049103 0.023912400519 -0.00364694504886 0.00208309310008 0.023020802489 0.0273686100029 0.0288300544422 0.0450157947013 
0.0131843279209 0.0236159538602 0.0117374042116 0.047811808042 0.0169032048742 0.0193905925904 -0.00274629669315 0.00796236677094 0.00832448094745 0.0361967901999 0.0189004025233 0.00403205401196 0.0162742584023 0.00447549673442 0.00515760646112 0.0116584479156 0.00727803205299 0.00196940728273 0.169212200608 -0.00702720703769 0.00333164173653 0.00753205411908 0.00720909116732 -0.0163130906216 -0.000477383327256 0.00705204724603 0.00651556056868 0.00823591917194 0.0163864723174 0.0100400246563 -0.00167446314968 0.0071035884623 0.00470866299677 0.0182510242573 0.00667365922944 0.0131566444108 -0.00405951371168 0.00395876252234 0.00338432828562 0.0461713890202 0.0103533037401 0.0140798563721 0.000737626689625 0.0294063980676 0.0160957047125 0.0364219123139 0.0134358137205 0.0114234560481 0.0190429968995 0.0104619873493 -0.00119016252792 0.0198493236503 -0.000471439440184 0.0033131210384 0.0206062041249 0.0171474138512 0.0183559040423 0.017583892842 -0.00602108727586 0.00429367126347 0.00980017354889 0.00965305750512 0.0223643412211 0.00671548489392 -0.00281308348053 0.0246342087938 0.0143638436705 0.0181762563255 0.0082994168627 0.0190912160467 0.0313770909474 0.00274783919077 -0.00354173372274 0.0108302040527 -0.00591801263216 -0.0116899035063 -0.00592416230869 0.0137930589176 -0.0154308163034 0.00797549843836 0.0141244343271 -0.00131899357863 0.00598999811213 0.0132605453277 0.0141401270097 -4.96223507644e-05 0.00724746838311 -0.00415904160258 -0.000571230639523 0.0103569348949 0.00336253546793 -0.00117203741435 0.0205225060997 0.00600060124085 0.0026335361826 0.0339790618771 0.0197618639006 0.00540667722581 0.004352631669 0.0177770411695 
0.00494337360309 0.030815120291 0.00643391551563 0.00345017989667 0.027173420395 0.0137257446187 0.0150481570952 0.0079947726071 0.0181406019512 0.0173142562888 0.0165830445011 0.0120882251228 0.0178542306192 0.0110958710239 0.0104712550863 0.00300878283721 0.00327034858715 0.0111957688914 -0.00702720703769 0.225422343738 0.0071198723236 0.0236225967111 0.0193142238613 0.0124416538124 0.0438093542152 0.0064164376346 0.033014685513 0.0130411610748 0.0142753507368 0.0110263615612 0.00495336345514 0.0161550743018 0.0292861580816 0.0197559121586 0.0254187132907 0.0139887778638 0.00183274935344 0.0195182434806 0.00635860863666 -0.00466679368183 0.0105154578461 0.0112678011428 0.0233577629924 0.00278779954884 0.00864915786166 0.00061011993745 0.00955835812002 -0.00859932953896 -0.00242436708234 -0.0276591369869 0.0311824555229 0.0168084073655 0.00454097182527 -0.0029760861599 0.00904484792267 -0.00471505961775 -0.0011576335133 0.00464379537947 -0.00563369359096 0.0150523699437 0.00806027015804 0.00747983304515 -0.00716660999844 0.0130624252981 0.00252871908237 0.00688851763109 0.0151476867625 0.0223726458372 -0.012323932861 -0.00347710456551 0.00410555176048 0.00526834229702 0.0339665674682 0.00364288177491 0.0258803336766 0.0083130829171 0.0241039036426 0.00948644249226 0.00671061310148 0.00994503224443 0.00170459592404 0.00114078426114 -0.00223698350173 0.0294976177577 0.00400042411015 0.0135689882955 0.0160903969556 0.0206664402754 0.00780813877395 -0.00576010321053 0.00672551772666 0.00148203606222 0.00773013556215 0.0039453658692 0.00997567907271 -0.0114549523138 0.0161421715931 0.00586895762733 0.0217745126607 0.0258724667009 
0.0104967220906 0.00657654556559 0.0214870049087 0.00173327065946 0.0204830372935 0.0294291899224 0.0193900490537 0.0227239392789 7.63252730376e-05 -0.0091016911936 0.02359396213 0.00756640794584 0.0226122951093 -0.000438890638394 0.0118048265069 0.0102080213256 0.0115858119914 0.00367743145822 0.00333164173653 0.0071198723236 0.216284352302 0.00359452609844 0.00451665958761 0.0114788387273 -9.2291314769e-06 -0.00133807661206 0.003711706059 0.0147828612925 0.0205557198507 0.0140491935502 0.00441042140924 0.0019194775472 0.0166085642521 0.0133536954235 0.0144412768439 0.00419634899892 0.010033777846 0.0111476136059 0.0106873020252 0.00231219625285 0.00709519747857 0.00738636255651 0.0104660523036 0.0225996136559 0.00892380921738 0.00330415852819 0.00483462510673 0.0177937853867 0.021103192781 -0.00445658061445 0.0194210540681 0.0175494942664 0.00322550032896 0.00709130373661 0.0138480109083 0.00156575017414 0.0134185237719 0.00741436358025 0.00742047477091 -0.00338415306561 0.0138243747916 0.0114515592641 -0.0193117906546 0.0238188345677 0.00542376582961 -0.00196313074602 0.0149722502929 0.00600825860735 0.0125152628123 -0.0137142174379 -0.000161958950785 0.00572869525912 0.0156054264054 0.000465212120793 0.0167868825977 0.00804358770964 -0.00318634368433 0.00558405880661 0.00431437408664 0.00743530357417 0.00958289907061 -0.00553899971377 -0.00070001090874 0.0143416116583 0.0149375731019 -0.00427116196689 0.0286329034794 0.00281610438549 0.0111981081566 0.00719532154174 0.0120087413084 0.00125016453359 0.0151497544101 -0.00187414199424 0.00340446531595 -0.00113471936047 0.00636921853376 0.0156525952715 0.0140346606241 0.0181700131517 
0.0139856709235 0.0116648078514 0.00918239587893 -0.00178210878599 0.0138714172754 0.0198781911231 0.0375942855646 0.00733007429914 0.0138805066488 0.0125478100308 0.0115817702484 0.0253773379566 0.00847551300352 0.0127391296144 0.0182710924505 0.0343505292376 0.0081909395903 0.00575868027916 0.00753205411908 0.0236225967111 0.00359452609844 0.173063690984 0.0100044650245 0.0188185599669 0.0122487354094 0.00816511840193 0.015355063988 0.00800347715536 0.00629579590491 0.00199334223574 -0.0030652992308 0.00346979361429 0.0137264885992 0.0190166026363 0.00646825295729 0.0167532656112 0.00580163250593 0.0125818784632 -0.0106350445563 0.00285995415988 0.0103062421537 0.0146763090283 0.0201235159236 0.015527496882 0.0154128347639 0.00788946627535 0.0188339643478 0.00801543708588 0.0152961443851 -0.00822916489628 0.0287979322015 0.00588564815087 0.0119668939087 0.00755076999622 0.012763668006 0.0204585590349 0.0219324044024 0.0126405155787 0.0165273203366 0.0194908140945 0.0230738939322 0.0125640884614 -5.59973417673e-06 0.0137394626863 0.00645336092416 0.0144649903985 0.0192512413468 0.0176579417717 0.0243296305764 0.00835185125502 0.0172268366777 0.030290777317 0.0246579190152 0.00953991394937 0.0213876461861 0.0142855193102 0.0153482539532 -0.0101543130116 0.0181064481811 0.00320397803096 0.00883787843628 0.0130284846876 0.00169262092415 0.0226404853159 0.0273166390933 0.00702686355757 0.00689614223791 0.0121218044826 0.00317144069296 0.0147110449274 0.00278153112842 0.0199985268926 -0.00269300935135 0.00995914211308 0.00807315724761 0.001674364169 0.0423616957988 0.0262302084822 0.0218520550062 0.0178381051895 
0.00490157327304 0.0276001141834 0.0150489621886 0.000523061607086 0.0406450037382 -0.000234484349426 0.00784575529242 0.0110439104166 0.0166134178909 -0.00285383271312 0.0253388876089 0.00377223455097 0.0114731885669 0.0576879046917 0.00441938657064 0.0181058889135 0.00355936384995 0.0681702041994 0.00720909116732 0.0193142238613 0.00451665958761 0.0100044650245 0.29429802059 0.0188823768888 0.00157425698656 -0.000464849742315 0.0202689322706 0.00729247955035 0.0241636937159 0.0180573560012 0.0196459804531 0.0184737286567 0.0533566641921 0.0185805390403 0.0274488195547 -0.00245010674108 0.00466383746686 0.00690517693669 0.034638122751 0.00198109745084 0.00729397905925 0.0375322603977 0.0286812619164 0.0109082604733 0.0141982638495 -0.00289364597852 0.00695440964547 -0.016891330135 0.0139627781695 -0.00428476155402 0.00271777456724 0.0141181299457 -0.0067055194225 -0.00307904389377 0.00329620233582 0.000138621115951 0.0115905250594 0.000881262024734 0.0253183039194 0.0147187647457 0.0320246726732 0.00453860179993 0.01111940989 0.0445532837311 0.0176688638805 -0.00251316213895 0.0219798721333 0.0161974415043 0.015197732524 0.00761373380005 0.0124174185083 0.000649606504204 0.0395965208102 0.00371586073457 0.0218626760084 0.00571427341904 0.0162366392685 0.00568452803831 0.0126446901053 0.0107154523252 0.00965941044124 -0.00163592569663 0.0256677283405 0.0296627841607 0.007710377451 0.0218069575784 0.0241323214073 0.0407052827935 0.0299684801291 -0.00344904710556 0.0166884804775 0.0169922118121 0.0110917502901 0.00703917466488 0.00583649791027 0.00659968845342 0.0488216823709 0.00791802909907 0.00227243157286 0.0479206534306 
