20
0.0442318588416 0.0131635076039 0.0214039426083 0.0599327976672 0.0470472683343 0.0754552666066 0.0597094198611 0.0418020448473 0.0282353637115 0.0594494044175 0.0499472002084 0.0383245101253 0.0367752030525 0.0202574279786 0.0391901687574 0.00699576056141 0.0341115490789 0.0254946283421 0.0753619397022 0.0910259677787 
0.254766687264 0.019769787557 0.04733793246 0.0268490330511 0.0323567310537 0.0200994189752 0.0140909763524 0.0412512743934 0.0325836577865 0.0479486630886 0.0177888578855 0.0234363535852 0.0133422929432 0.0495519287875 0.0323461808488 0.0189416509432 0.0265955132341 0.0175393324298 0.0298770179556 0.037235619009 
0.019769787557 0.157319629901 -0.00255065569177 -9.23652173977e-05 0.0258692837707 0.0134278673167 0.0115758895285 0.0280741230488 0.0284797918818 0.0222548073007 0.0060576003992 0.00423870305807 0.00338923884379 0.0233335565776 0.0222610597893 0.0527677096241 0.00899474497223 0.051164067285 0.0269046434907 0.00470514824769 
0.04733793246 -0.00255065569177 0.230578185118 0.0221841794146 0.0254066151069 0.0356029710888 0.0311071947957 0.0289894036303 0.014873451734 0.0415200347028 0.0184587107746 0.0408451268876 0.0102578552252 0.0458002780808 0.034804498531 0.00341415584843 0.0127096104918 0.0150523016527 0.0404494141431 0.0333711838698 
0.0268490330511 -9.23652173976e-05 0.0221841794146 0.347787503598 0.00237025908701 0.01745903118 0.00247277727762 0.0190832120752 0.0180277873258 0.0248524391206 0.00600242488548 0.0170965185013 0.0197709383933 0.0221917915617 0.0158217660106 0.00340902287266 0.0159658448645 0.00552574932952 0.0338310688894 0.025861587414 
0.0323567310537 0.0258692837707 0.0254066151069 0.00237025908701 0.215630412886 0.0361552096197 0.0240289844451 0.0230091701504 0.032451434813 0.0463901967316 0.0139275472765 0.0215560402206 0.0190887449867 0.0251644856719 0.0170146956225 0.0238822123775 0.0112952542334 0.0200003842344 0.0192564494959 0.0228777604369 
0.0200994189752 0.0134278673167 0.0356029710888 0.01745903118 0.0361552096197 0.671740973736 0.0438824370043 0.0497053998073 0.0341725760113 0.0346532088935 0.0263021326188 0.0442152401862 0.0247370025843 0.0503545256068 -0.0029810725682 0.0190525329839 0.0188960362285 0.0122274077033 0.0295806936187 0.0276046898869 
0.0140909763524 0.0115758895285 0.0311071947957 0.00247277727763 0.0240289844451 0.0438824370043 0.405515306223 0.0418441495435 0.0294731464697 0.0163907351457 0.0075295183896 0.0189499255709 0.0180360634234 0.0367833241418 0.0165600345854 0.0135792133155 0.00538994739382 0.00631820515314 -0.0094640781254 0.0138090690825 
0.0412512743934 0.0280741230488 0.0289894036303 0.0190832120752 0.0230091701504 0.0497053998073 0.0418441495435 0.259152879863 0.0152248710611 0.0597287313129 0.0133876796169 0.0221609987661 0.0127774558033 0.0460645425991 0.0338155505209 0.0127908365674 0.0255976801691 0.0158463282364 0.0287682961151 0.025867032367 
0.0325836577865 0.0284797918818 0.014873451734 0.0180277873258 0.032451434813 0.0341725760113 0.0294731464697 0.0152248710611 0.154222586054 0.0505518861521 0.0213967839625 0.0305897551881 0.0358981308349 0.0196440953934 0.0128602433024 0.026172820615 0.0170465354884 0.0264772558896 0.00843421150286 0.016870887168 
0.0479486630886 0.0222548073007 0.0415200347028 0.0248524391206 0.0463901967316 0.0346532088935 0.0163907351457 0.0597287313129 0.0505518861521 0.30414071207 0.024507570757 0.0367576062413 0.0453808485202 0.0365329590774 0.034595642211 0.00505917388969 0.0233084100431 0.0190041417883 0.00868802611686 0.0338266857494 
0.0177888578855 0.0060576003992 0.0184587107746 0.00600242488548 0.0139275472765 0.0263021326188 0.0075295183896 0.0133876796169 0.0213967839625 0.024507570757 0.374686500437 0.00876585535705 0.0277990854787 0.0313402701358 0.000148060505662 0.00426777783462 0.0207486283338 0.0245956000394 0.0168103236729 0.00254589923364 
0.0234363535852 0.00423870305807 0.0408451268876 0.0170965185013 0.0215560402206 0.0442152401862 0.0189499255709 0.0221609987661 0.0305897551881 0.0367576062413 0.00876585535705 0.343397980886 0.0182250877729 0.0373961563644 0.0306599859536 0.00721858873175 0.0146920404114 0.00447430722196 0.0147126023826 0.0217589902014 
0.0133422929432 0.00338923884379 0.0102578552252 0.0197709383933 0.0190887449867 0.0247370025843 0.0180360634234 0.0127774558033 0.0358981308349 0.0453808485202 0.0277990854787 0.0182250877729 0.260568707009 0.0166460430838 0.013351643188 0.00893376846842 0.00238404913257 0.00511625893801 -0.0102956853283 0.0292732987873 
0.0495519287875 0.0233335565776 0.0458002780808 0.0221917915617 0.0251644856719 0.0503545256068 0.0367833241418 0.0460645425991 0.0196440953934 0.0365329590774 0.0313402701358 0.0373961563644 0.0166460430838 0.285826562569 0.0276136291333 0.0134892657746 0.0222881555962 0.0170038552143 0.0227971949612 0.025098042902 
0.0323461808488 0.0222610597893 0.034804498531 0.0158217660106 0.0170146956225 -0.00298107256821 0.0165600345854 0.0338155505209 0.0128602433024 0.034595642211 0.000148060505662 0.0306599859536 0.013351643188 0.0276136291333 0.210913918904 0.016733618911 -0.00578951776346 0.0095137403419 0.0173791877194 0.0118823640347 
0.0189416509432 0.0527677096241 0.00341415584843 0.00340902287266 0.0238822123775 0.0190525329839 0.0135792133155 0.0127908365674 0.026172820615 0.00505917388969 0.00426777783462 0.00721858873175 0.00893376846842 0.0134892657746 0.016733618911 0.14889463673 0.011185912081 0.0503615608033 0.0151528256036 0.00702543922096 
0.0265955132341 0.00899474497223 0.0127096104918 0.0159658448645 0.0112952542334 0.0188960362285 0.00538994739382 0.0255976801691 0.0170465354884 0.0233084100431 0.0207486283338 0.0146920404114 0.00238404913257 0.0222881555962 -0.00578951776346 0.011185912081 0.2306123103 0.0215079276919 0.00560025411926 0.0258731092226 
0.0175393324298 0.051164067285 0.0150523016527 0.00552574932952 0.0200003842344 0.0122274077033 0.00631820515314 0.0158463282364 0.0264772558896 0.0190041417883 0.0245956000394 0.00447430722196 0.00511625893801 0.0170038552143 0.0095137403419 0.0503615608033 0.0215079276919 0.201780847991 0.0261159076367 0.0110048553682 
0.0298770179556 0.0269046434907 0.0404494141431 0.0338310688894 0.0192564494959 0.0295806936187 -0.0094640781254 0.0287682961151 0.00843421150286 0.00868802611685 0.0168103236729 0.0147126023826 -0.0102956853283 0.0227971949612 0.0173791877194 0.0151528256036 0.00560025411926 0.0261159076367 0.403302057072 0.0202056912601 
0.037235619009 0.00470514824769 0.0333711838698 0.025861587414 0.0228777604369 0.0276046898869 0.0138090690825 0.025867032367 0.016870887168 0.0338266857494 0.00254589923364 0.0217589902014 0.0292732987873 0.025098042902 0.0118823640347 0.00702543922096 0.0258731092226 0.0110048553682 0.0202056912601 0.446067082306 

['PX', 'AEE', 'WY', 'AGN', 'EQR', 'TIF', 'CPWR', 'GWW', 'MTB', 'STT', 'PFE', 'BBBY', 'ABT', 'APCC', 'RTN', 'DTE', 'CTL', 'FPL', 'APA', 'AW']