20
0.0427797721554 0.0442230302855 0.0420146984796 0.0113752176021 0.0206637964956 0.142835786571 0.0354646018646 0.0297585566085 0.251790956204 0.106415927512 0.123926899062 0.026417897889 0.026407260569 0.0471087328402 0.015652967587 0.138528932385 0.0743289823458 0.0434942638749 0.0404531955786 0.101481112582 
0.270842054346 0.0405550568427 0.029921865061 0.0281104732529 0.0255895924774 -0.00411042184455 0.0199698303025 0.0363930931673 -0.0298826216987 0.0387124104891 0.0831352318697 0.0213441329374 0.0335144280732 0.0315925673229 0.0811827546839 0.0306637843836 0.042460559958 0.0522905599932 0.0253338729442 0.00349902475293 
0.0405550568427 0.204656566545 0.0327792690261 0.0374786661734 0.0248510938507 0.0285947149703 0.0167582610416 0.0271162585969 0.0148449802108 0.0515979967543 0.0252887142922 0.0339409214201 0.0219053189756 0.0274378182381 0.0263618025278 0.012305214179 0.0735245280627 0.0479326616907 0.0254184569182 4.63788305804e-05 
0.029921865061 0.0327792690261 0.222666965087 0.0250976121831 0.0274474102637 0.00199575007557 0.0269076851362 0.0257750054177 0.00303913467575 0.0319726119679 0.034607499777 0.0113575475316 0.0197561412767 0.0455362952908 0.018313808925 0.017767189462 0.0427834940262 0.0228377184217 0.0186174880976 0.0157151992688 
0.0281104732529 0.0374786661734 0.0250976121831 0.228964848031 0.025582994814 6.45307042986e-06 0.0168590373888 0.0197207869598 0.023054906456 0.015948844795 -0.00872632102703 0.0174563024052 0.0214812690562 0.00724193185763 -0.000768994764257 0.0351807081017 0.0293535794527 0.0386688286475 0.0215995104978 0.00992577104626 
0.0255895924775 0.0248510938507 0.0274474102637 0.025582994814 0.164868842254 0.0268530530976 0.0172747906578 0.0327027494249 0.0101413480293 0.0070078379419 0.0201034599096 0.0129268026785 0.0247912925268 0.0164334943116 0.0178181282013 0.00682170198652 0.0325351141188 0.0152748950453 0.0124025422506 -0.00419562283752 
-0.00411042184455 0.0285947149703 0.00199575007557 6.45307042959e-06 0.0268530530976 1.25363188868 0.024616755632 0.0390823406557 0.026966942863 0.0297781588786 -0.0149760118813 -0.00768780239864 -0.00940910881702 0.00111506634005 0.00597174859008 0.0378124469173 0.00362674652186 0.0196205687719 -0.00780390435825 -0.000456059281982 
0.0199698303025 0.0167582610416 0.0269076851362 0.0168590373888 0.0172747906578 0.024616755632 0.210256499274 0.0174324858966 0.00724640473853 0.0163584405851 0.00582897713914 -0.00215647890173 0.0315774529466 0.0373798374962 0.00232844556272 0.0209810716781 0.0263061225935 -0.00687892034033 0.00899601406603 0.00916521818035 
0.0363930931672 0.0271162585969 0.0257750054177 0.0197207869598 0.0327027494249 0.0390823406557 0.0174324858966 0.267061955842 0.0167343322734 0.0353487322158 0.00755243493128 0.0197031894706 0.0273251181069 0.00810033294975 0.019997639453 0.0140765792941 0.0494271599686 0.0366331969397 0.0299376853679 -0.0169198239864 
-0.0298826216987 0.0148449802108 0.00303913467575 0.023054906456 0.0101413480293 0.026966942863 0.00724640473853 0.0167343322734 2.07930312973 0.0519122818186 0.00640062638751 -0.00482142551703 0.0135940853443 0.0062091335783 -0.000203569027695 0.0238514617327 0.0212142094787 0.0506170560398 0.0900079927164 0.0765785418507 
0.0387124104891 0.0515979967543 0.0319726119679 0.015948844795 0.0070078379419 0.0297781588786 0.0163584405851 0.0353487322158 0.0519122818186 0.620287428201 0.015982427707 0.0546402597569 0.0291471645158 0.0177404890449 0.042322955941 0.0490097652486 0.0541312385615 0.0436782376125 0.011235123088 0.059385846834 
0.0831352318697 0.0252887142922 0.034607499777 -0.00872632102703 0.0201034599096 -0.0149760118813 0.00582897713914 0.00755243493128 0.00640062638751 0.015982427707 0.907688913693 0.00816703147112 0.0179355466805 0.0218051761059 0.0183097193412 0.00547583644856 0.0390244217907 0.0174885959782 0.0129640155315 0.0217346868875 
0.0213441329374 0.0339409214201 0.0113575475316 0.0174563024052 0.0129268026785 -0.00768780239864 -0.00215647890173 0.0197031894706 -0.00482142551703 0.0546402597569 0.00816703147112 0.274018574077 0.0244099868887 0.02244110255 0.0226117059047 0.0194044192168 0.0542564842817 0.0439144467425 0.0638994547469 0.0112376902752 
0.0335144280732 0.0219053189756 0.0197561412767 0.0214812690562 0.0247912925268 -0.00940910881702 0.0315774529466 0.0273251181069 0.0135940853443 0.0291471645158 0.0179355466805 0.0244099868887 0.219262882661 0.00868720866644 0.0221744475891 0.00800137161405 0.0492094559221 0.0382428915789 0.0226475182963 0.00623135534641 
0.0315925673229 0.0274378182381 0.0455362952908 0.00724193185763 0.0164334943116 0.00111506634005 0.0373798374962 0.00810033294975 0.0062091335783 0.0177404890449 0.0218051761059 0.02244110255 0.00868720866644 0.272588341948 0.00187882263097 0.0101651210175 0.0313806609374 0.0181123564837 0.0332725601056 0.00963461970178 
0.0811827546839 0.0263618025278 0.018313808925 -0.000768994764258 0.0178181282013 0.00597174859008 0.00232844556272 0.019997639453 -0.000203569027695 0.042322955941 0.0183097193412 0.0226117059047 0.0221744475891 0.00187882263097 0.222426225243 0.0293794196667 0.0426861195955 0.0458147404151 0.0218114133116 0.0268287485849 
0.0306637843836 0.012305214179 0.017767189462 0.0351807081017 0.00682170198652 0.0378124469173 0.0209810716781 0.0140765792941 0.0238514617327 0.0490097652486 0.00547583644856 0.0194044192168 0.00800137161405 0.0101651210175 0.0293794196667 1.00681526618 0.0266259189423 0.0303496821361 0.0230261306354 0.0209371994331 
0.042460559958 0.0735245280627 0.0427834940262 0.0293535794527 0.0325351141188 0.00362674652186 0.0263061225935 0.0494271599686 0.0212142094787 0.0541312385615 0.0390244217907 0.0542564842817 0.0492094559221 0.0313806609374 0.0426861195955 0.0266259189423 0.340311030038 0.0533623219816 0.048581283346 0.00915322789207 
0.0522905599932 0.0479326616907 0.0228377184217 0.0386688286475 0.0152748950453 0.0196205687719 -0.00687892034033 0.0366331969397 0.0506170560398 0.0436782376125 0.0174885959782 0.0439144467425 0.0382428915789 0.0181123564837 0.0458147404151 0.0303496821361 0.0533623219816 0.308346338156 0.083298579677 0.00866054948211 
0.0253338729442 0.0254184569182 0.0186174880976 0.0215995104978 0.0124025422506 -0.00780390435825 0.00899601406603 0.0299376853679 0.0900079927164 0.011235123088 0.0129640155315 0.0638994547469 0.0226475182963 0.0332725601056 0.0218114133116 0.0230261306354 0.048581283346 0.083298579677 0.340869259039 0.00735566035303 
0.00349902475293 4.63788305805e-05 0.0157151992688 0.00992577104626 -0.00419562283752 -0.000456059281982 0.00916521818035 -0.0169198239864 0.0765785418507 0.059385846834 0.0217346868875 0.0112376902752 0.00623135534641 0.00963461970178 0.0268287485849 0.0209371994331 0.00915322789207 0.00866054948211 0.00735566035303 0.924502530976 

['EMN', 'DHR', 'LTR', 'FO', 'AIG', 'THC', 'PCG', 'LLL', 'BRCM', 'ADSK', 'CSC', 'MWV', 'NCC', 'CVX', 'DOW', 'SHLD', 'LEH', 'IR', 'LPX', 'CSCO']