20
0.0770368317024 0.0604038345904 0.0700025840065 0.0184249616408 0.371102806834 0.0396221554001 0.0361599942098 0.050100863095 0.0313696733512 0.0389775871913 0.107238949757 0.0380825412642 0.166074759161 0.0266110290159 0.0672535079153 0.0739523233915 0.0449016594387 0.0428749123775 0.065735385914 0.0377827405953 
0.348870959156 0.0236213708223 0.0226716447936 0.00631591834079 0.0455922526746 0.00784357574606 0.021775246418 0.0182453648283 0.0173840158189 0.0159735759054 0.0159229954887 0.00348116180975 0.018229252961 0.0164314419071 0.0228229395136 0.0243767908 0.00072424506285 0.0158538448133 0.00174318211859 0.0182210971255 
0.0236213708223 0.293806262554 0.00793803076675 0.0222262894882 0.0330182865049 0.0209782811137 0.0027563978686 0.0260610823504 0.0256001890576 0.0200197835651 0.0341480994659 0.0326824095907 0.0562976340931 0.00297369002998 0.0408300860172 0.0290185783351 0.0519498385674 0.0183130954419 0.0346244170615 0.0254932207807 
0.0226716447936 0.00793803076675 0.325858255184 0.0124184304471 0.0108207039728 0.0105103882903 0.00940118387731 0.0126769691838 0.00308433242883 0.00941949989944 0.0300443904727 0.0103069927269 0.0242252019127 0.0287605914988 0.02197826806 0.0447124049014 0.0125507171731 0.0290924071003 0.0458740013563 0.0171077625974 
0.00631591834079 0.0222262894882 0.0124184304471 0.171311984499 -0.00149441871555 0.0550451041073 0.0363163222257 0.036128287568 0.0261664370535 0.0422799004583 0.0395518635269 0.0124689404867 0.0427444519643 0.0279841534209 0.0363343095096 0.0131062986563 0.0190688461136 0.0426600417505 0.0229122860797 0.0238619991831 
0.0455922526746 0.0330182865049 0.0108207039728 -0.00149441871555 1.24621650796 0.00179344869941 0.0159343647107 0.0534997089456 0.0246654782391 0.0335281720352 0.0531291245354 0.0379995307133 0.0472504943385 0.0247294600198 0.037536113651 0.11991331833 0.0257269800337 0.0273544002083 0.0656523718482 0.0145680967441 
0.00784357574606 0.0209782811137 0.0105103882903 0.0550451041073 0.00179344869941 0.186832303578 0.023721320843 0.0209659067616 0.0162331154427 0.040350175968 0.039802474304 0.0121555835347 0.0310124366752 0.0249681404374 0.0448196520082 0.0108340273088 0.029461415616 0.0408937025642 0.0195768209875 0.0215108690455 
0.021775246418 0.0027563978686 0.00940118387731 0.0363163222257 0.0159343647107 0.023721320843 0.249078838611 0.0267522894344 0.0242887677381 0.014195502893 0.0187292589634 0.018399784625 0.0189113642207 0.0336792963578 0.0171111779585 0.0251223242679 0.0213088645831 0.0228158470649 -0.00181194854794 0.0385450469326 
0.0182453648283 0.0260610823504 0.0126769691838 0.036128287568 0.0534997089456 0.0209659067616 0.0267522894344 0.305649641383 0.0201015694914 0.0202168124629 0.062368473236 0.0128983263505 0.0713040614162 0.0299471718252 0.0319470955025 0.00394368974913 0.0229716656235 0.012366735028 -0.0105706469637 0.00573231347928 
0.0173840158189 0.0256001890576 0.00308433242883 0.0261664370535 0.0246654782391 0.0162331154427 0.0242887677381 0.0201015694914 0.181192227709 0.0329566025023 0.0153693268969 0.00704293572231 0.0412929313174 0.0245811638982 0.0245326948047 0.00955143496186 0.0113004885563 0.00667397157782 0.0360736130915 0.0129167939756 
0.0159735759054 0.0200197835651 0.00941949989944 0.0422799004583 0.0335281720352 0.040350175968 0.014195502893 0.0202168124629 0.0329566025023 0.250727460922 0.0332502099014 0.030610721846 0.0506171078608 0.0108858457828 0.0208515251765 0.0144249693387 0.0173266017488 0.0326402566229 0.0405034129913 0.0230594558384 
0.0159229954887 0.0341480994659 0.0300443904727 0.0395518635269 0.0531291245354 0.039802474304 0.0187292589634 0.062368473236 0.0153693268969 0.0332502099014 0.479077243286 0.0207282023604 0.0645073834041 0.00221329501644 0.0631701002157 0.044207053815 0.0644025633596 0.0301573703405 0.0303519228353 0.0261216727843 
0.00348116180975 0.0326824095907 0.0103069927269 0.0124689404867 0.0379995307133 0.0121555835347 0.018399784625 0.0128983263505 0.00704293572231 0.030610721846 0.0207282023604 0.255562354336 0.0370955950636 0.0104618444628 0.0189850368678 0.0205370295795 0.029930251941 0.0169859837062 0.0339078449668 0.0157518938604 
0.018229252961 0.0562976340931 0.0242252019127 0.0427444519643 0.0472504943385 0.0310124366752 0.0189113642207 0.0713040614162 0.0412929313174 0.0506171078608 0.0645073834041 0.0370955950636 0.527640591694 0.0128576444243 0.0260083225663 0.0685071177863 0.0581277006657 0.0269744704201 0.0367229744911 0.0276556042812 
0.0164314419071 0.00297369002998 0.0287605914988 0.0279841534209 0.0247294600198 0.0249681404374 0.0336792963578 0.0299471718252 0.0245811638982 0.0108858457828 0.00221329501644 0.0104618444628 0.0128576444242 0.292681062453 0.0117316856782 0.0131625469892 0.00582421789663 0.0207043441785 0.0352745805699 0.0272857925412 
0.0228229395136 0.0408300860172 0.02197826806 0.0363343095096 0.037536113651 0.0448196520082 0.0171111779585 0.0319470955025 0.0245326948047 0.0208515251765 0.0631701002157 0.0189850368678 0.0260083225663 0.0117316856782 0.355941552403 0.00912186778655 0.0370888652269 0.0145200590684 0.0168741756083 0.027069200766 
0.0243767908 0.0290185783351 0.0447124049014 0.0131062986563 0.11991331833 0.0108340273088 0.0251223242679 0.00394368974913 0.00955143496186 0.0144249693387 0.044207053815 0.0205370295795 0.0685071177863 0.0131625469892 0.00912186778656 0.499004464195 0.0183649086014 0.0210188485806 0.0445825083154 0.0180075720781 
0.00072424506285 0.0519498385674 0.0125507171731 0.0190688461136 0.0257269800337 0.029461415616 0.0213088645831 0.0229716656235 0.0113004885563 0.0173266017488 0.0644025633596 0.029930251941 0.0581277006657 0.00582421789663 0.0370888652269 0.0183649086014 0.329647400893 0.025611472261 0.0219446976224 0.00471502525431 
0.0158538448133 0.0183130954419 0.0290924071003 0.0426600417505 0.0273544002083 0.0408937025642 0.0228158470649 0.012366735028 0.00667397157782 0.0326402566229 0.0301573703405 0.0169859837062 0.0269744704201 0.0207043441785 0.0145200590684 0.0210188485806 0.025611472261 0.26882816839 0.014887873503 0.0240292154471 
0.00174318211859 0.0346244170615 0.0458740013563 0.0229122860797 0.0656523718482 0.0195768209875 -0.00181194854794 -0.0105706469637 0.0360736130915 0.0405034129913 0.0303519228353 0.0339078449668 0.0367229744911 0.0352745805699 0.0168741756083 0.0445825083154 0.0219446976224 0.014887873503 0.430893285138 0.00101149946116 
0.0182210971255 0.0254932207807 0.0171077625974 0.0238619991831 0.0145680967441 0.0215108690455 0.0385450469326 0.00573231347928 0.0129167939756 0.0230594558384 0.0261216727843 0.0157518938604 0.0276556042812 0.0272857925412 0.027069200766 0.0180075720781 0.00471502525431 0.0240292154471 0.00101149946116 0.335409808664 

['KG', 'ROK', 'MRK', 'HBAN', 'CIEN', 'CBSS', 'PPL', 'BLL', 'NOC', 'MET', 'R', 'EDS', 'NUE', 'AMGN', 'LTD', 'LU', 'ROH', 'CMCSA', 'BDX', 'PGL']