20
0.0692922129373 0.0341115490789 0.0594494044175 0.039970875035 0.0348828940045 0.126305303483 0.015652967587 0.128413882411 0.0275926739743 0.0678674292734 0.0910259677787 0.0784336943662 0.0268988212896 0.0363496030559 0.0394797478448 0.041097516798 0.0128714932266 0.149246593495 0.164482556217 0.0970140476379 
0.414291014004 0.0259219143182 0.0567894790246 0.0560663196459 0.0351997831566 0.0321230140684 0.0425257116583 0.0305037765741 0.0128529596271 0.0462502524594 0.0140083517752 0.0261413840889 0.0319239656397 0.0178299318285 0.0300697494275 0.0139259255438 0.0203912452012 0.0287808330331 -0.0297004514203 0.055711802007 
0.0259219143182 0.228793602386 0.0257830435936 0.0217659363436 0.00620035801479 -0.000861422739317 -0.00548244734117 0.0170583505756 0.00678126167952 0.0210815642887 0.025248782264 0.0119018869342 0.00675071512905 0.0203187444249 0.0108205353061 0.0052930281221 -0.0126342060987 0.0123992962235 0.0385517925398 0.0258924015363 
0.0567894790246 0.0257830435936 0.30545157613 0.0443666940756 0.0324196028421 0.0217296707853 0.0347840342785 0.0132192895952 0.00299926394058 0.0492242765723 0.0335248983353 0.0121847984624 0.0341491962427 0.0339573286178 0.0245665326963 0.0507390665466 0.00550377856668 0.0353651551422 -0.00401303878945 0.059236657245 
0.0560663196459 0.0217659363436 0.0443666940756 0.202317189709 0.0324844235949 0.0129298671105 0.0304920167466 0.0217680789356 0.00382633882501 0.026950833383 0.0275979352915 0.023813293213 0.0138588526803 0.0119780057027 0.0315987780028 0.0132710849935 0.0015038515227 0.0220690962325 0.00978409123814 0.0483782302876 
0.0351997831566 0.00620035801479 0.0324196028421 0.0324844235949 0.209115708467 0.0377300086255 0.0329262216985 0.0233136447821 0.00646316423017 0.0360380778273 0.0195592529192 0.00763862902325 0.0160849971221 0.0121567755704 0.0184559730641 0.022112623557 -0.000893863594591 0.0272419627216 0.124068856461 0.0270211580554 
0.0321230140684 -0.000861422739317 0.0217296707853 0.0129298671105 0.0377300086255 0.439795305284 0.0199591686526 0.183839405892 0.00263450503737 0.0185992963885 0.0049860152965 -0.00431435764363 -0.000197133304943 -0.00132624905942 0.0135325331963 0.0302128260488 0.0109024822154 0.138732319836 0.0739654843887 0.0514254007031 
0.0425257116583 -0.00548244734117 0.0347840342785 0.0304920167466 0.0329262216985 0.0199591686526 0.234112124708 0.0118244383918 0.00863878977615 0.0341148318836 0.0305953668262 0.0323913454532 0.030305535021 0.0190545727393 0.0298157060003 0.00657073641663 -0.0071755364478 0.01363300595 -0.00129117556501 0.0296798590252 
0.0305037765741 0.0170583505756 0.0132192895952 0.0217680789356 0.0233136447821 0.183839405892 0.0118244383918 0.44845879346 0.012508277497 0.0344705882033 0.0146683052145 -0.00510453933069 -0.005542033516 0.0244913936045 0.0255998486294 0.0398968084407 -0.000431906991126 0.169880534726 -0.0302853968116 0.0934290093252 
0.0128529596271 0.00678126167952 0.00299926394058 0.00382633882501 0.00646316423017 0.00263450503737 0.00863878977615 0.012508277497 0.372301588657 0.0344760362699 0.000473862494433 0.017183448593 -0.00186317054494 -0.00297900241088 0.0168391812351 -0.00260890281319 0.00320639410312 -0.0018108720825 -0.002665475743 0.0140656709731 
0.0462502524594 0.0210815642887 0.0492242765723 0.026950833383 0.0360380778273 0.0185992963885 0.0341148318836 0.0344705882033 0.0344760362699 0.41381557422 0.0332148842936 0.00376107039158 0.0171536164998 0.036498900654 0.0207784541745 0.0222523182442 0.00750596477591 0.0211865595971 0.0144671207722 0.0658185735369 
0.0140083517752 0.025248782264 0.0335248983353 0.0275979352915 0.0195592529192 0.0049860152965 0.0305953668262 0.0146683052145 0.000473862494432 0.0332148842936 0.442703785761 0.0487370889378 0.0189621960997 0.0189385594691 0.0193666751543 0.0131981079873 -0.000671362959399 0.0145146699531 0.0132316579843 0.0608281689492 
0.0261413840889 0.0119018869342 0.0121847984624 0.023813293213 0.00763862902325 -0.00431435764362 0.0323913454532 -0.00510453933069 0.017183448593 0.00376107039158 0.0487370889378 0.371743521787 -0.00632618974211 0.0225728407803 0.0130362338329 0.0265520442449 0.00594443328868 0.0390661182487 -0.030475643495 0.0213748406544 
0.0319239656397 0.00675071512905 0.0341491962427 0.0138588526803 0.0160849971221 -0.000197133304943 0.030305535021 -0.005542033516 -0.00186317054494 0.0171536164998 0.0189621960997 -0.00632618974211 0.226579536227 0.00791313245597 -0.00141899782409 0.0240115982434 0.015003968148 0.00558058031383 0.00374123015897 0.0163260737608 
0.0178299318285 0.0203187444249 0.0339573286178 0.0119780057027 0.0121567755704 -0.00132624905942 0.0190545727393 0.0244913936045 -0.00297900241088 0.036498900654 0.0189385594691 0.0225728407803 0.00791313245597 0.319366459649 0.0193319888361 0.0218577195176 0.0331312089975 0.0152671353738 -0.00634309894766 0.0237039328318 
0.0300697494275 0.0108205353061 0.0245665326963 0.0315987780028 0.0184559730641 0.0135325331963 0.0298157060003 0.0255998486294 0.0168391812351 0.0207784541745 0.0193666751543 0.0130362338329 -0.00141899782409 0.0193319888361 0.337836255709 0.0104851964054 0.0176712461219 0.0353593669018 -0.00670127500183 0.0593752864412 
0.0139259255438 0.0052930281221 0.0507390665466 0.0132710849935 0.022112623557 0.0302128260488 0.00657073641663 0.0398968084407 -0.00260890281319 0.0222523182442 0.0131981079873 0.0265520442449 0.0240115982434 0.0218577195176 0.0104851964054 0.258477106677 0.0215816108377 0.0446796314861 -0.00998410009672 0.0451956780732 
0.0203912452012 -0.0126342060987 0.00550377856667 0.00150385152271 -0.000893863594593 0.0109024822154 -0.0071755364478 -0.000431906991127 0.00320639410312 0.00750596477591 -0.000671362959399 0.00594443328868 0.015003968148 0.0331312089975 0.0176712461219 0.0215816108377 0.226292455643 -0.0011100488428 0.0197543902965 0.0101226469031 
0.0287808330331 0.0123992962235 0.0353651551422 0.0220690962325 0.0272419627216 0.138732319836 0.01363300595 0.169880534726 -0.0018108720825 0.0211865595971 0.0145146699531 0.0390661182487 0.00558058031383 0.0152671353738 0.0353593669018 0.0446796314861 -0.0011100488428 0.554475630118 0.070164321043 0.0754808646068 
-0.0297004514203 0.0385517925398 -0.00401303878945 0.00978409123814 0.124068856461 0.0739654843887 -0.00129117556501 -0.0302853968116 -0.002665475743 0.0144671207722 0.0132316579843 -0.030475643495 0.00374123015897 -0.00634309894766 -0.00670127500183 -0.00998410009672 0.0197543902965 0.070164321043 1.88848495077 -0.00510613663855 
0.055711802007 0.0258924015363 0.059236657245 0.0483782302876 0.0270211580554 0.0514254007031 0.0296798590252 0.0934290093252 0.0140656709731 0.0658185735369 0.0608281689492 0.0213748406544 0.0163260737608 0.0237039328318 0.0593752864412 0.0451956780732 0.0101226469031 0.0754808646068 -0.00510613663855 0.59331728177 

['ALTR', 'CTL', 'STT', 'EMR', 'AVY', 'BHI', 'DOW', 'HAL', 'TRB', 'FD', 'AW', 'MHS', 'ADP', 'SGP', 'ITT', 'PRU', 'MDT', 'EOG', 'PTV', 'DHI']