50
0.116671338284 0.142835786571 0.022369934908 0.0149217979249 0.0309081568087 0.0202574279786 0.0754225878746 0.0843714281037 0.0391901687574 0.037496284255 0.0131635076039 0.039859092222 0.0424048973372 0.0708595176859 0.0357111585815 0.0210054402465 0.022286409141 0.143796644659 0.0128714932266 0.0153161335694 0.02736418452 0.039970875035 0.200970993098 0.0155341374053 0.0997806882374 0.0936509155003 0.101481112582 0.103194060275 0.138528932385 0.0267221777707 0.0773240107923 0.0441448787565 0.0501755430095 0.0220926651793 0.0584548507687 0.0316848802341 0.0800378705657 0.148705689344 0.0273717205438 0.0549811443135 0.275379497042 0.0396221554001 0.0911559741232 0.0754552666066 0.0594687244428 0.0693656588129 0.0180781461794 0.0991765707177 0.146363775453 0.163811268696 
1.06975233347 -0.0177806092044 0.00273288081841 0.013057102988 0.00127997367754 0.00860398018382 0.0308965087563 0.018529846655 0.00135510472577 0.0266254023222 0.010640015515 0.0226260509533 -0.00328668080694 0.0234038146418 0.014226660697 2.53562525041e-05 0.00960426651096 0.0677707642736 0.00243561292884 0.0236176583838 0.0126815087653 0.0276240392682 0.00482335910792 0.00501143009748 0.0084447986536 0.032551899746 0.0123916165435 0.036333188368 0.0168535839193 0.0100067010953 0.0418325893752 0.0441358877393 0.0466303142337 0.0141985501386 0.0290546339774 0.0282689946436 0.0154865794566 0.0220882973964 0.027180271175 -0.00358223508534 -0.0291537887142 0.00952061990371 0.00367655390952 0.026182305668 0.00342809959017 0.0324783515097 0.000809549384952 -0.0259803103993 -0.00716953274871 -0.00598665973876 
-0.0177806092045 1.25102965862 0.0261406312099 0.000125150112668 0.065558102948 0.0333993695784 -0.0140807660649 0.00487309434845 0.000948799396393 0.0231882278903 0.0150307714573 -0.0122444633035 0.0107531015788 -0.0108439821164 0.0231727181326 0.0114934759967 -0.0115699225463 0.000722911097216 -0.0184477417462 0.0153072960763 0.0103027774649 -0.00215762880034 -0.0248650820036 0.00696783091214 0.0127102175547 0.0043025808078 -0.000155876325376 0.0173113342993 0.0370758319007 0.00793021418175 0.0263521468124 0.00855128825345 -0.000707709401667 0.00892482754289 -0.0024883629001 0.00125104684721 0.00423558041533 0.00398158482136 -0.00471163986297 -0.000476514596603 0.00209222631949 0.00192012669417 0.00538427054725 -0.00195596750282 0.0291933621878 0.00797184079535 0.0183285856954 -0.00458399616334 0.00122061482493 0.00633706794774 
0.00273288081841 0.0261406312099 0.197695357446 0.0306157120206 0.0182207166543 0.0279965423016 -0.00283221740582 0.0272763447247 0.0141682944917 0.015501088807 0.0117004616676 0.0113411835502 0.0151436280148 0.0121063226765 0.0169127824303 0.00393230332698 -0.00213337885492 0.0494218313758 0.00373309020895 0.0112343804294 0.0140875761371 0.0218102854364 0.0135353746373 0.00599384171919 0.0265571569679 0.0219826107537 0.0100527670286 0.00734946851937 0.00549508177853 0.00624819737499 0.0485028515726 0.0187264500721 -6.92980426279e-05 0.0103682206434 0.0170670365833 0.0107063287127 0.0191627730555 0.0130453588953 0.0298723437328 0.0329695266639 -0.0102520932814 0.0152219397998 0.0326001882518 0.0257926224375 0.0222718912508 0.0118145456311 0.0105463453673 0.0131441624807 0.0115574834805 -0.000457864309176 
0.013057102988 0.000125150112668 0.0306157120206 0.321908834619 0.00469240699368 0.0241556797376 0.00297111329627 0.0143892317854 0.00831748774939 0.0236978662482 0.00574704026031 0.00526306683613 0.0221613309883 0.0151081302433 0.0124424716093 -0.00122806632605 0.00836631768119 0.0531832283009 0.0205489839076 0.00842023179705 0.0144962980915 0.0286529256037 0.00534367138409 0.00919961912394 0.0119281666 0.0299788997638 0.0297833847875 0.0308180129202 0.0356064514526 0.0042322515497 0.0267698012165 0.0333039621267 0.0218323388486 -0.000124550457604 0.0231257543857 0.00805539606192 0.0150292814536 0.0341994130313 0.0305596739991 0.0259792506194 -0.00470082979833 0.0218715871161 0.0283959979259 0.0203471849938 0.028591980672 0.017257337432 -0.00324369637395 0.0195615017894 -0.00393684981763 -0.00117917813134 
0.00127997367754 0.065558102948 0.0182207166543 0.00469240699368 0.269928210478 0.0090684093783 0.0246390537638 0.050188868008 0.0286830683425 0.0229698783272 0.00218636139149 0.0174608537692 0.00706634535445 0.0230471217014 0.0430127044269 -0.0038210623444 0.0178985702768 0.0231039625962 0.013336249357 0.00987597671601 0.0126324032032 0.0151990820305 0.000887346076386 0.0191131416011 0.0108174910628 0.0637460626753 -0.00414130845325 0.000383687568267 0.0202152943821 0.0129089833811 0.0614100676305 0.0239972518608 0.0164697568205 0.00283722201148 0.0123738387865 0.0293976065302 0.0134040432395 0.00510010317262 0.00746790181939 0.0084037666529 0.00669547261907 0.0277852485279 0.0245195083319 0.0140443181822 0.0269546758747 0.0414812372193 0.0080482799116 -0.00574688848565 0.0140922939936 -0.00614073248928 
0.00860398018382 0.0333993695784 0.0279965423016 0.0241556797376 0.0090684093783 0.265471827637 0.0235148148917 0.0151329493183 0.0186686624278 0.0103089501126 0.0161925952267 0.0132814885587 0.00602196666355 -0.0142111436259 0.0200416461507 0.0096965847751 0.00434628402309 0.0684277988057 0.0105327023107 0.0120632415556 0.0273230978839 0.0337123332285 0.0151357529974 0.00834149055731 0.0377886144298 0.0148998877665 0.0160096783685 0.0482328231873 0.0135202066265 0.0251018577373 0.0358057837008 0.0208846341379 0.0113597532173 0.0106163260236 0.029989817698 0.0255885152543 0.0378371411483 0.0372526992267 0.0216200845898 0.0277722933658 -0.0125977910859 0.0207876706988 0.0387205032235 0.0326171804289 0.0328063675236 0.0192657493382 0.0094048713067 -0.0137587245766 0.00746608094522 -0.0311934602565 
0.0308965087563 -0.0140807660649 -0.00283221740582 0.00297111329627 0.0246390537638 0.0235148148917 0.476297001216 -0.007013658243 0.0140735671781 0.0289122598172 0.00327868217827 0.0284066168119 0.0165249301511 0.0692725762328 0.0310129224962 0.0126286596457 0.00962382935002 0.0489505236592 0.0194143703858 0.00355626315914 0.0128662368523 0.0198135098806 0.0662210699356 0.000317572790831 0.0380322929541 0.0398630644775 -0.037468493663 0.0300692394126 0.00165551359153 0.00871712096967 0.0184784362029 0.0235549694628 0.0324084967869 -0.00307058701717 0.0374265585438 0.0190219602961 0.00916675546217 0.0107811699592 0.00620549168643 0.00913391397395 -0.00658861226104 0.0124251531464 0.041695830093 0.0187939741691 0.027786495225 0.00259864799086 0.00319708361413 0.0160120092558 0.0195620345407 -0.014148795114 
0.018529846655 0.00487309434845 0.0272763447247 0.0143892317854 0.050188868008 0.0151329493183 -0.007013658243 0.860435952488 0.0136164331481 0.00207839980671 0.0100817331371 0.0209352607354 -0.0152592042439 0.0213329008258 0.0113908647337 0.0140539460191 0.0117676574068 0.0190830815813 0.00439680806305 0.0127320335052 0.0161974454812 0.0128278967542 0.0563768478893 -0.0034348777947 0.0127686528659 0.00516598350262 0.0102401096858 0.0197981153723 0.0187914621081 0.0149975439751 0.0235544514276 0.0490827222332 0.00319080056423 0.0174789171411 0.00430498165002 0.0415858604823 0.0212045311777 0.000341743598816 0.00501871217426 0.0183797674786 -0.0153702815091 0.00680486367254 0.0244230838885 0.00829545199505 0.0184092698582 0.026727210485 -0.00351294241068 0.00994085017222 0.00988621319042 0.0250637685746 
0.00135510472577 0.000948799396393 0.0141682944917 0.00831748774939 0.0286830683425 0.0186686624278 0.0140735671781 0.0136164331481 0.199212813787 -0.00137522432773 0.0185240479298 0.0102571109032 -0.00502888902891 0.0112840637527 0.0196764655421 0.000993495268904 0.00158938209629 0.0425899183838 0.00316798496806 0.00583742768934 0.0165460594418 0.0223638127783 0.0152986681272 0.00751427099427 0.0117686039215 0.0164997688879 0.00327536041001 0.0134453217311 0.0156109255963 0.0220369966997 0.0282954343822 0.0225724443374 0.0197061776562 0.00570073880289 0.020891850018 0.0102020918768 0.0248742827218 0.0280488730632 0.0180440028845 -0.0064450122405 -0.000106914294153 0.0154594712049 0.0200623347955 -0.0123347698482 0.0265758789977 0.01420687596 0.00842221249493 0.0242258418364 0.0107476009173 -0.00384288666066 
0.0266254023222 0.0231882278903 0.015501088807 0.0236978662482 0.0229698783272 0.0103089501126 0.0289122598172 0.00207839980671 -0.00137522432773 0.241417049334 0.0172143551118 0.0204446139736 0.00545963165581 0.0385782466232 0.0397806807623 0.00676861090779 0.014970646584 0.0405319997313 0.00970107757368 0.0217493944704 0.0269134015268 0.0219497130967 0.00601783807669 0.0229657298786 0.00795845176359 0.0198542916818 0.00708416966494 0.0154228153194 0.0119169021114 0.0237212806974 0.0227728687187 0.0303945934269 0.0151698542088 0.010008489741 0.00813072426838 0.0248498228958 0.0219152330856 0.00779630868183 0.0196832289579 0.00989396780586 -0.00707776857505 0.026305911485 0.0123408521602 0.0159463182442 0.0164287503526 0.0111000710774 0.0167193502443 0.00389987816881 0.00724303540808 0.021035831013 
0.010640015515 0.0150307714573 0.0117004616676 0.0057470402603 0.00218636139149 0.0161925952267 0.00327868217827 0.0100817331371 0.0185240479298 0.0172143551118 0.142659020568 0.0117297162654 0.00368976780998 0.00980467971887 0.0119422535943 0.00983724354635 0.00823532868958 0.0127274372359 0.0136266131001 0.0478682902572 0.0500967252018 0.00744917765672 0.0104717506784 0.010590683176 0.0213999056219 -0.00318161692388 0.0110870021714 0.015205483217 0.00290777307158 0.03951361757 0.00675245817435 0.0211508089854 0.0101333413502 0.0448881617988 0.0365976172644 0.0142951056452 0.00944740801896 -0.00171114721765 0.010953644862 -0.00362773794377 0.0154441808665 0.0232805371325 0.00275535137404 0.00643374172591 0.00568018253088 0.000565380806309 0.00676474135129 0.000773754798453 0.0034073869368 -0.00289419565842 
0.0226260509533 -0.0122444633035 0.0113411835502 0.00526306683613 0.0174608537692 0.0132814885587 0.0284066168119 0.0209352607354 0.0102571109032 0.0204446139736 0.0117297162654 0.26216355092 0.0136201602456 0.00238699620122 0.0304950607499 0.00919644917837 0.0170213542716 0.0718457606774 -0.00100015817439 0.00820273897565 0.0137051321698 0.00867376554655 -0.0278736275856 0.00639035406714 -0.00213146789893 0.0210419502173 -0.0139042143617 0.0221859230583 0.0171803824608 0.0191313879832 0.0708949932506 0.0281349788636 -0.00581727655163 0.0100341139717 0.0237777996551 0.0253385678132 0.0348697670623 0.0175786172344 0.0235119576854 0.00916631206689 -0.00754112533233 0.0183126854316 0.035115308102 0.0331995332141 0.00718732381705 0.0096787659688 0.00130087661974 -0.00737882169972 0.0151191068973 -0.00153022479389 
-0.00328668080694 0.0107531015788 0.0151436280148 0.0221613309883 0.00706634535445 0.00602196666355 0.0165249301511 -0.0152592042439 -0.00502888902891 0.00545963165581 0.00368976780998 0.0136201602456 0.394932132713 -0.000771298510207 0.00916339086679 0.00964393533084 0.010530976785 0.0087317407483 0.0185369155277 0.0121697674847 0.0107466353249 0.00759672027028 0.00903692968593 -0.00896764784316 -0.00135199366857 0.00373957255341 0.0163931044656 0.0121779717478 0.0140830151213 0.0124415349613 0.0303986389889 0.00507290475461 0.0192902946843 0.00728340810702 0.0179000180956 0.00173225975771 -0.00799714273767 0.019518704237 0.0132124381572 0.0370858444599 -0.00416070252959 0.012733592212 0.0382867506819 0.01786038432 0.0035495754376 -0.00636696907094 0.0109856111208 0.0294052274862 0.0131667374081 -0.00445907747175 
0.0234038146418 -0.0108439821164 0.0121063226765 0.0151081302433 0.0230471217014 -0.0142111436259 0.0692725762328 0.0213329008258 0.0112840637527 0.0385782466232 0.00980467971887 0.00238699620122 -0.000771298510209 0.340655621195 0.0293197424613 0.0105947182569 0.00707649356004 0.0307979845674 0.0101864624284 0.00714716747471 0.00254730709424 0.0172931963581 -0.00722260065873 0.0112450566841 0.00806346658394 0.0142568085357 0.0155399067559 0.0246663738065 -0.00406819279139 0.013425277347 0.0134532490648 0.016382080937 0.0208779118676 0.00492355570754 0.019149658234 0.0184166597626 -0.00351202784478 -0.0125426328027 0.00633776646991 0.00474611579925 0.0252025970278 0.0148627315265 -0.00116644210378 0.00210257424777 -0.00375610334051 0.00805827579084 0.00474963348165 0.0189130291603 0.026596077933 0.200877638955 
0.014226660697 0.0231727181326 0.0169127824303 0.0124424716093 0.0430127044269 0.0200416461507 0.0310129224962 0.0113908647337 0.0196764655421 0.0397806807623 0.0119422535943 0.0304950607499 0.00916339086679 0.0293197424613 0.284803593351 0.00282754096766 -0.000481428830234 0.0516216665776 0.00407613953542 0.00304132172009 0.00252390771453 0.0176412167912 0.00481164968541 0.0284202067019 0.0124724273315 0.0627966965224 0.0102884418237 0.015110441877 0.00814162346281 0.0100694531639 0.0174214017233 0.0141759677423 0.0173824368639 0.0156199871756 0.0229245397151 0.00875022172249 0.0187419875853 0.00797927137854 0.0224445028857 0.0263068517555 -0.0286989144814 0.0103795071389 0.0216103121071 0.00913458714525 0.000650893247154 0.0394671944536 0.0207262479978 0.00563334653441 0.0437921409844 -0.00373884411367 
2.53562525041e-05 0.0114934759967 0.00393230332699 -0.00122806632605 -0.0038210623444 0.0096965847751 0.0126286596457 0.0140539460191 0.000993495268905 0.00676861090779 0.00983724354635 0.00919644917837 0.00964393533084 0.0105947182569 0.00282754096765 0.129708035352 0.00442834852734 -5.54744572137e-05 0.005324179925 0.00232420613058 0.00706544983482 0.00304145819762 -0.000961625385565 0.00754946552061 -0.000858464921174 0.00025137908421 -0.00412903615078 -0.000913219652139 -0.0091210797192 0.010794035771 0.00233077147949 0.00976413790991 0.000655017315065 0.0113745696716 0.0208512514622 0.010688239182 -0.00553893866858 0.00554006709128 0.00888673096948 0.0141930148114 0.0010531523311 0.0210667365557 0.0134437456454 0.00478815316787 -0.00802183783314 0.0113817012355 0.0127147766947 0.00794152232156 0.00281366871704 0.0196533167188 
0.00960426651096 -0.0115699225463 -0.00213337885492 0.00836631768119 0.0178985702768 0.00434628402309 0.00962382935002 0.0117676574068 0.00158938209629 0.014970646584 0.00823532868958 0.0170213542716 0.010530976785 0.00707649356004 -0.000481428830236 0.00442834852734 0.241191299729 0.0170113036921 -0.00207740352405 0.00264789536337 0.013276402296 0.00861247611373 0.00787382770949 0.0148827405099 0.00699348945805 0.0206820737417 0.00490176717392 0.0400284050209 0.00393904970428 0.0159392865786 0.0323663697 -0.000313654436897 -0.00589408350699 -0.00319584414515 0.00532572583078 0.00568983807718 -0.000434922072442 -0.00408008879131 0.00458064912834 -0.00315667633838 -0.00812939359656 -0.00282455858817 0.00257191856435 0.0115290003547 0.0085607731189 0.024245790932 -0.00745372249827 0.00110545426937 0.00261737862212 -0.0164077896016 
0.0677707642736 0.000722911097216 0.0494218313758 0.0531832283009 0.0231039625962 0.0684277988057 0.0489505236592 0.0190830815813 0.0425899183838 0.0405319997313 0.0127274372359 0.0718457606774 0.0087317407483 0.0307979845674 0.0516216665776 -5.54744572135e-05 0.0170113036921 0.629662874421 -0.00329563071367 0.0249401297633 0.045593367631 0.0196846851754 0.0135271863744 0.0321874020106 0.0327581986445 0.0895801474847 0.0178586366404 0.046789305841 0.0237182875821 0.0327839130487 0.0913437040952 0.0511577727691 0.0310387985162 0.0230569650489 0.0483872969698 0.051142296941 0.0427730740915 0.0565811589693 0.0132504250235 0.0338504769201 -0.0182195638555 0.0429634029851 0.0582319037095 0.0125605179628 0.0457591029115 0.025324918301 0.0170523237678 0.00453090315579 0.0241876388258 0.0171719069906 
0.00243561292884 -0.0184477417462 0.00373309020895 0.0205489839076 0.0133362493571 0.0105327023107 0.0194143703858 0.00439680806305 0.00316798496806 0.00970107757369 0.0136266131001 -0.0010001581744 0.0185369155277 0.0101864624284 0.00407613953542 0.005324179925 -0.00207740352405 -0.00329563071367 0.21598224449 0.00801307456114 -0.00266166534548 -0.000512234358592 0.0264596154809 0.000142538258562 0.0206268144391 -0.00645558654675 0.0246812353266 -0.00580917920569 -0.00349601595717 0.00410586399703 -0.00623329110206 -0.00234609108706 0.0418782416777 0.0104720200857 0.00506460797126 0.0069318488696 -0.0176590500227 0.0110918786932 0.0171121527598 -0.00752786925915 0.00338177908997 0.0121007180378 0.00372858855256 0.0268515999309 -0.010692615437 0.00657665729675 0.000382457034549 -0.00329302214508 -0.00351764468372 0.00449239033229 
0.0236176583838 0.0153072960763 0.0112343804294 0.00842023179705 0.00987597671601 0.0120632415556 0.00355626315914 0.0127320335052 0.00583742768934 0.0217493944704 0.0478682902572 0.00820273897565 0.0121697674847 0.00714716747471 0.00304132172009 0.00232420613058 0.00264789536337 0.0249401297633 0.00801307456114 0.13351547336 0.0448608910014 0.00640145310562 0.0212009415845 0.00598998736498 0.0111252771683 0.000864113112955 0.00104151377236 0.00641199807358 0.014916313463 0.0324722831924 0.00474355541999 0.0230151241014 0.0152690302437 0.031660202484 0.0261339499268 0.0124010354955 0.00704548054307 0.00658123943574 0.00655521727186 0.00369078464025 0.0113766800346 0.019391556007 0.00186828408434 0.0161646666353 0.00401447270783 -0.00389501251822 0.00626423151198 0.000631465768469 0.0134482908703 -0.000679694081897 
0.0126815087653 0.0103027774649 0.0140875761371 0.0144962980915 0.0126324032032 0.0273230978839 0.0128662368523 0.0161974454812 0.0165460594418 0.0269134015268 0.0500967252018 0.0137051321698 0.0107466353249 0.00254730709424 0.00252390771453 0.00706544983482 0.013276402296 0.045593367631 -0.00266166534548 0.0448608910014 0.189594504842 0.010696133585 0.00254170755064 0.0117234461643 0.0142391928086 0.00582215928289 -0.01019518233 0.0186095178986 0.0149684271259 0.0332021997266 0.0238633997501 0.0115415373465 0.0141990894947 0.0381000468179 0.0219909884301 0.0127051511221 0.00827434581173 0.000624972145513 0.0121362678606 0.00248184171134 0.00995265500799 0.010726826002 0.0135498659622 0.00350549810706 0.0084766169407 0.00932052352396 0.0150762416856 0.0114360836355 0.0179957574314 -0.000524462921418 
0.0276240392682 -0.00215762880034 0.0218102854364 0.0286529256037 0.0151990820305 0.0337123332285 0.0198135098806 0.0128278967542 0.0223638127783 0.0219497130967 0.00744917765672 0.00867376554655 0.00759672027028 0.0172931963581 0.0176412167912 0.00304145819762 0.00861247611373 0.0196846851754 -0.000512234358593 0.00640145310562 0.010696133585 0.188186530039 0.0093615107572 0.00969273710321 0.0316348272732 0.0361644827894 0.00465874898316 0.0377481992952 -0.00760299577839 0.0111330974083 0.0325345477687 0.0371453903247 0.0177780253846 0.00521851674702 0.0166289177141 0.0227319743688 0.0355793413545 0.0302282191784 0.0120234208594 0.00372437381363 -0.0169198234715 0.010312434752 0.0375747740007 0.0246415908842 0.0205672577581 0.0036317731655 0.0103117789779 0.00673773025664 0.0273123055606 -0.00785292841592 
0.00482335910792 -0.0248650820036 0.0135353746373 0.00534367138409 0.000887346076386 0.0151357529974 0.0662210699356 0.0563768478893 0.0152986681272 0.00601783807669 0.0104717506784 -0.0278736275856 0.00903692968593 -0.00722260065873 0.00481164968541 -0.000961625385565 0.00787382770949 0.0135271863744 0.0264596154809 0.0212009415845 0.00254170755064 0.0093615107572 0.923478192328 0.00505642136641 -0.0109834685219 0.0206684068583 -0.0111721534735 0.00135258613187 0.0175653966201 0.0155755873672 0.0432824233742 -0.00442541648005 0.00941807215228 0.0200805416959 0.0203964252532 0.0219504740556 0.0323009353011 0.0309302740684 0.0218060938021 0.0149783137791 0.0150884240448 0.0155785603317 0.0361121397391 0.000800583508807 -0.00993949071042 0.00816197368207 -0.0193905302061 0.00759563513121 0.00768283987012 -0.0160113046789 
0.00501143009748 0.00696783091214 0.00599384171919 0.00919961912394 0.0191131416011 0.00834149055731 0.000317572790831 -0.0034348777947 0.00751427099427 0.0229657298786 0.010590683176 0.00639035406714 -0.00896764784316 0.0112450566841 0.0284202067019 0.00754946552061 0.0148827405099 0.0321874020106 0.000142538258566 0.00598998736498 0.0117234461643 0.00969273710321 0.00505642136641 0.186322105461 0.0168692526812 0.0200083972424 0.0109504194784 0.00136825902963 -0.00423905722505 0.00444789067624 0.00395016249842 -0.00142297797182 0.0177462548795 -0.000568742815831 0.00662548644734 0.00520854071795 0.00354175798936 0.000397433755343 0.00448393387602 6.18090621852e-06 0.000856669442415 0.00718240984565 0.00570506179967 0.00595213805384 0.0156011894083 0.00668926265556 0.00794340657335 -0.00146189556669 0.0137808245076 -0.011993673193 
0.0084447986536 0.0127102175547 0.0265571569679 0.0119281666 0.0108174910628 0.0377886144298 0.0380322929541 0.0127686528659 0.0117686039215 0.00795845176359 0.0213999056219 -0.00213146789893 -0.00135199366857 0.00806346658394 0.0124724273315 -0.000858464921174 0.00699348945805 0.0327581986445 0.0206268144391 0.0111252771683 0.0142391928086 0.0316348272732 -0.0109834685219 0.0168692526812 0.520925844036 0.0152201608143 0.0115364039744 0.118330783589 -0.00664818920796 0.00751250299284 0.0359406089211 0.0138532255639 0.00852008398991 0.0116491086422 0.0229866820859 0.0112710740189 0.027371091852 0.0778140871785 0.0297405664837 0.0357445073062 0.0365556870174 0.0120689869118 0.0169957111112 0.199707796595 0.0148336854687 -0.00432752705825 0.0166475437465 0.0147834482961 0.0205984929364 0.00109859619859 
0.032551899746 0.0043025808078 0.0219826107537 0.0299788997638 0.0637460626753 0.0148998877665 0.0398630644775 0.00516598350262 0.0164997688879 0.0198542916818 -0.00318161692389 0.0210419502173 0.00373957255341 0.0142568085357 0.0627966965224 0.000251379084209 0.0206820737417 0.0895801474847 -0.00645558654675 0.000864113112955 0.00582215928289 0.0361644827894 0.0206684068583 0.0200083972424 0.0152201608143 0.439862810705 0.0212330574076 0.0279015475496 0.0364598779321 0.0082816618561 0.0765823844908 0.0318528261193 0.0196231292819 -3.7324578815e-05 0.0420166052922 0.0154421436803 0.0147560897701 0.0424156089013 0.00650592881718 0.0174939844383 0.0040314106452 0.0283040503456 0.0352966613781 0.053899123023 0.0461751188806 0.070657007033 -0.00427167243881 0.00393264619112 0.00928887639601 -0.00925618758709 
0.0123916165435 -0.000155876325375 0.0100527670286 0.0297833847875 -0.00414130845325 0.0160096783685 -0.037468493663 0.0102401096858 0.00327536041001 0.00708416966494 0.0110870021714 -0.0139042143617 0.0163931044656 0.0155399067559 0.0102884418237 -0.00412903615078 0.00490176717392 0.0178586366404 0.0246812353266 0.00104151377236 -0.01019518233 0.00465874898316 -0.0111721534735 0.0109504194784 0.0115364039744 0.0212330574076 0.92589116093 -0.00198821435021 0.0226433155991 0.00970631730467 0.0102826772894 0.0202515821533 0.0122495486959 0.00250172133995 0.00575981610481 0.00826342001463 -0.00361316791734 0.025556098889 0.0331507159558 0.00551686089795 -0.014785221253 -0.0015424818334 0.005978954102 0.0028146665043 0.00874288644882 -0.00533395388176 0.00810264719023 -0.01190086674 -0.00574062055967 0.00608973024117 
0.036333188368 0.0173113342993 0.00734946851938 0.0308180129202 0.000383687568268 0.0482328231873 0.0300692394126 0.0197981153723 0.0134453217311 0.0154228153194 0.015205483217 0.0221859230582 0.0121779717478 0.0246663738065 0.015110441877 -0.00091321965214 0.0400284050209 0.046789305841 -0.00580917920569 0.00641199807358 0.0186095178986 0.0377481992952 0.00135258613187 0.00136825902963 0.118330783589 0.0279015475496 -0.00198821435021 0.513878064671 0.0994778506819 0.0273050391456 0.0630373200908 0.0334511704916 0.0319360844538 0.0081982651676 0.0324078993199 0.00504329193273 0.0338825170182 0.0671581205022 0.0173837174665 0.0198050735465 -0.0151873442106 0.0245378072742 0.0436371400014 0.195633700996 0.0358931422649 0.00979274294321 0.0375593859951 0.000936028645473 0.0103954934721 -0.00439675052485 
0.0168535839193 0.0370758319007 0.00549508177853 0.0356064514526 0.0202152943821 0.0135202066265 0.00165551359153 0.0187914621081 0.0156109255963 0.0119169021114 0.00290777307158 0.0171803824608 0.0140830151213 -0.00406819279139 0.00814162346281 -0.0091210797192 0.00393904970428 0.0237182875821 -0.00349601595717 0.014916313463 0.0149684271259 -0.00760299577839 0.0175653966201 -0.00423905722505 -0.00664818920796 0.0364598779321 0.0226433155991 0.0994778506819 0.997361282528 0.0283318235397 0.0518532096671 -0.000196589681541 0.0421752029869 0.0195416040794 0.0208161429236 0.0103442388573 0.0427505524511 -0.00952993233302 0.0122115823779 0.0089891509792 -0.011164356941 0.0151189901282 0.0186367858937 0.0510872487001 0.0188563375047 0.00343522488755 0.00326886528017 0.00705906645822 0.00141794083549 -0.0217158780499 
0.0100067010953 0.00793021418175 0.00624819737499 0.0042322515497 0.0129089833811 0.0251018577373 0.00871712096967 0.0149975439751 0.0220369966997 0.0237212806974 0.03951361757 0.0191313879832 0.0124415349613 0.013425277347 0.0100694531639 0.010794035771 0.0159392865786 0.0327839130487 0.00410586399703 0.0324722831924 0.0332021997266 0.0111330974083 0.0155755873672 0.00444789067624 0.00751250299284 0.0082816618561 0.00970631730467 0.0273050391456 0.0283318235397 0.183628324639 0.0421726341069 0.0321193806476 0.0101715592588 0.0222562257498 0.0322215273489 0.0225828607216 0.00501534052003 0.0177921542421 0.0213485350859 0.0109292495614 0.0054607318904 0.0243925958527 0.0205826039934 0.0158183278259 0.00472094405515 0.0147788076175 0.0104193804095 -0.000617664933455 0.0025497182595 0.00856807116962 
0.0418325893752 0.0263521468124 0.0485028515726 0.0267698012165 0.0614100676305 0.0358057837008 0.0184784362029 0.0235544514276 0.0282954343822 0.0227728687187 0.00675245817435 0.0708949932506 0.0303986389889 0.0134532490648 0.0174214017233 0.00233077147949 0.0323663697 0.0913437040952 -0.00623329110206 0.00474355541999 0.0238633997501 0.0325345477687 0.0432824233742 0.00395016249842 0.0359406089211 0.0765823844908 0.0102826772894 0.0630373200908 0.0518532096671 0.0421726341069 0.456379745687 0.0489651285048 0.0407943961263 0.00874764348684 0.0462397890791 0.0262860480589 0.015120543389 0.0279074322035 0.0467980988788 0.0210175384614 0.0113761114978 0.03707519201 0.0438010583176 0.0683627259026 0.0275312739657 0.0134268351325 0.0293858128948 0.0110556544392 0.0301544217517 0.00833834659886 
0.0441358877393 0.00855128825345 0.0187264500721 0.0333039621267 0.0239972518608 0.0208846341379 0.0235549694628 0.0490827222332 0.0225724443374 0.0303945934269 0.0211508089854 0.0281349788636 0.00507290475461 0.016382080937 0.0141759677423 0.00976413790991 -0.000313654436896 0.0511577727691 -0.00234609108706 0.0230151241014 0.0115415373465 0.0371453903247 -0.00442541648005 -0.00142297797182 0.0138532255639 0.0318528261193 0.0202515821533 0.0334511704916 -0.000196589681541 0.0321193806476 0.0489651285048 0.238660355968 0.0203666555452 0.0123801718958 0.0466357133108 0.0322322997312 0.0272184949048 0.0434497666093 0.0188156125708 0.00831210527806 -0.00321572008667 0.0566188232535 0.0250196410215 0.0184659733497 0.00922980196598 0.0219644693107 0.0134751620631 -0.00108164218775 0.0410161048243 0.00433167472626 
0.0466303142337 -0.000707709401667 -6.92980426286e-05 0.0218323388486 0.0164697568205 0.0113597532173 0.0324084967869 0.00319080056423 0.0197061776562 0.0151698542088 0.0101333413502 -0.00581727655163 0.0192902946843 0.0208779118676 0.0173824368639 0.000655017315066 -0.00589408350699 0.0310387985162 0.0418782416777 0.0152690302437 0.0141990894947 0.0177780253846 0.00941807215228 0.0177462548795 0.00852008398991 0.0196231292819 0.0122495486959 0.0319360844538 0.0421752029869 0.0101715592588 0.0407943961263 0.0203666555452 0.312636613403 0.0123661034836 0.0175028651661 0.0158875658337 0.00846158448699 0.027515351678 0.00419535299102 0.00956102146772 -0.00428133366426 0.00713732536771 0.00235972981096 0.016259941732 0.0107447387201 0.024889082421 0.0057831068737 0.0215437279954 0.019744157727 -0.000389558542074 
0.0141985501386 0.00892482754289 0.0103682206434 -0.000124550457604 0.00283722201148 0.0106163260236 -0.00307058701717 0.0174789171411 0.00570073880289 0.010008489741 0.0448881617988 0.0100341139717 0.00728340810702 0.00492355570754 0.0156199871756 0.0113745696716 -0.00319584414516 0.0230569650489 0.0104720200857 0.031660202484 0.0381000468179 0.00521851674702 0.0200805416959 -0.000568742815829 0.0116491086422 -3.73245788158e-05 0.00250172133995 0.00819826516759 0.0195416040794 0.0222562257498 0.00874764348685 0.0123801718958 0.0123661034836 0.228452426436 0.033076948876 0.0136653957526 -0.00865011057888 0.0185013471666 0.0129863007711 -0.012022557698 0.00822982095142 0.014204483859 0.0128783500877 0.0126014690195 -0.00519875990482 0.00562776476024 0.00348744931017 0.00572335602369 0.0262584732196 -0.00968298545892 
0.0290546339774 -0.0024883629001 0.0170670365833 0.0231257543857 0.0123738387865 0.029989817698 0.0374265585438 0.00430498165002 0.020891850018 0.00813072426838 0.0365976172644 0.0237777996551 0.0179000180956 0.019149658234 0.0229245397151 0.0208512514622 0.00532572583078 0.0483872969698 0.00506460797126 0.0261339499268 0.0219909884301 0.0166289177141 0.0203964252532 0.00662548644733 0.0229866820859 0.0420166052922 0.00575981610481 0.0324078993199 0.0208161429236 0.0322215273489 0.0462397890791 0.0466357133108 0.0175028651661 0.033076948876 0.234751209379 0.0115635663069 0.0187624619145 0.0267935026903 0.0214946866267 0.029489431281 -0.00369111459233 0.0232511599351 0.0239390697715 0.0342838943464 -0.0120305216527 0.00908717176172 -0.000649989845328 -0.00117656401488 0.0192359924644 -0.0036218167103 
0.0282689946436 0.00125104684721 0.0107063287127 0.00805539606192 0.0293976065302 0.0255885152543 0.0190219602961 0.0415858604823 0.0102020918768 0.0248498228958 0.0142951056452 0.0253385678132 0.00173225975771 0.0184166597626 0.00875022172249 0.010688239182 0.00568983807718 0.051142296941 0.0069318488696 0.0124010354955 0.012705151122 0.0227319743688 0.0219504740556 0.00520854071795 0.0112710740189 0.0154421436803 0.00826342001463 0.00504329193273 0.0103442388573 0.0225828607216 0.0262860480589 0.0322322997312 0.0158875658337 0.0136653957526 0.0115635663069 0.158607800996 0.0193069334043 0.0284672969997 0.0148683092897 0.00424469841962 -0.0126818973391 0.0279398109076 0.016482546556 0.00468892419439 0.00977404032852 0.0224712517527 0.0087969805741 0.00175614945505 -0.00890751179726 -0.0113129660581 
0.0154865794566 0.00423558041533 0.0191627730555 0.0150292814536 0.0134040432395 0.0378371411483 0.00916675546217 0.0212045311777 0.0248742827218 0.0219152330856 0.00944740801896 0.0348697670623 -0.00799714273767 -0.00351202784478 0.0187419875853 -0.00553893866858 -0.000434922072443 0.0427730740915 -0.0176590500227 0.00704548054307 0.00827434581173 0.0355793413545 0.0323009353011 0.00354175798936 0.027371091852 0.0147560897701 -0.00361316791734 0.0338825170182 0.0427505524511 0.00501534052003 0.015120543389 0.0272184949047 0.00846158448699 -0.00865011057888 0.0187624619145 0.0193069334043 0.367677425206 0.0339591286737 0.0232465826432 0.00305738900728 -0.013818803746 0.00617105494779 0.0479745645659 0.00967339025427 0.024132104251 0.0155496709861 0.00427859877662 -0.00602354261369 7.63987934932e-05 0.0465469871134 
0.0220882973964 0.00398158482136 0.0130453588953 0.0341994130313 0.00510010317262 0.0372526992267 0.0107811699592 0.000341743598816 0.0280488730632 0.00779630868183 -0.00171114721765 0.0175786172344 0.019518704237 -0.0125426328027 0.00797927137853 0.00554006709128 -0.00408008879131 0.0565811589693 0.0110918786932 0.00658123943574 0.000624972145514 0.0302282191784 0.0309302740684 0.000397433755342 0.0778140871785 0.0424156089013 0.025556098889 0.0671581205022 -0.00952993233302 0.0177921542421 0.0279074322035 0.0434497666093 0.027515351678 0.0185013471666 0.0267935026903 0.0284672969997 0.0339591286737 0.633812898279 0.0277543066185 0.0121540362494 -0.0239628523228 0.0151514818314 0.0298008952708 0.0513241369921 0.0408759560014 0.0193554251463 0.00820309661454 0.0181876401544 -0.0378925023642 0.00246464431274 
0.027180271175 -0.00471163986297 0.0298723437328 0.0305596739991 0.00746790181939 0.0216200845898 0.00620549168644 0.00501871217426 0.0180440028845 0.0196832289579 0.010953644862 0.0235119576854 0.0132124381572 0.00633776646991 0.0224445028857 0.00888673096948 0.00458064912834 0.0132504250235 0.0171121527598 0.00655521727186 0.0121362678606 0.0120234208594 0.0218060938021 0.00448393387602 0.0297405664837 0.00650592881718 0.0331507159558 0.0173837174665 0.0122115823779 0.0213485350859 0.0467980988788 0.0188156125708 0.00419535299102 0.0129863007711 0.0214946866267 0.0148683092897 0.0232465826432 0.0277543066185 0.229533005936 0.00431216826007 -0.0108945503177 0.00569562015291 0.0143549821594 0.00393168618627 0.0046231429684 0.0231918262649 -0.000499802580932 0.00777703549471 0.0354409683555 0.010006094163 
-0.00358223508534 -0.000476514596604 0.0329695266639 0.0259792506194 0.0084037666529 0.0277722933658 0.00913391397396 0.0183797674786 -0.00644501224051 0.00989396780586 -0.00362773794377 0.00916631206689 0.0370858444599 0.00474611579925 0.0263068517555 0.0141930148114 -0.00315667633837 0.0338504769201 -0.00752786925915 0.00369078464025 0.00248184171134 0.00372437381363 0.0149783137791 6.18090621925e-06 0.0357445073062 0.0174939844383 0.00551686089795 0.0198050735465 0.0089891509792 0.0109292495614 0.0210175384614 0.00831210527806 0.00956102146772 -0.012022557698 0.029489431281 0.00424469841962 0.00305738900727 0.0121540362494 0.00431216826007 0.439984630198 0.00138373569294 0.00594347698376 0.0629021001553 0.00598061157085 -0.0161302378354 0.00931983212017 0.00437765547119 0.00533372783068 0.00910307519672 0.0160401016755 
-0.0291537887142 0.00209222631949 -0.0102520932814 -0.00470082979833 0.00669547261907 -0.0125977910859 -0.00658861226104 -0.0153702815091 -0.000106914294154 -0.00707776857505 0.0154441808665 -0.00754112533233 -0.00416070252959 0.0252025970278 -0.0286989144814 0.0010531523311 -0.00812939359656 -0.0182195638555 0.00338177908997 0.0113766800346 0.00995265500799 -0.0169198234715 0.0150884240448 0.000856669442415 0.0365556870174 0.0040314106452 -0.014785221253 -0.0151873442106 -0.011164356941 0.0054607318904 0.0113761114978 -0.00321572008667 -0.00428133366426 0.00822982095142 -0.00369111459233 -0.0126818973391 -0.013818803746 -0.0239628523228 -0.0108945503177 0.00138373569294 4.09480032644 -0.00327235885089 -0.0114030944767 -0.00474130793243 0.00367248528893 0.0190373378508 0.00485155557624 -0.0174957768287 -0.0023573315972 -0.0133725002534 
0.00952061990371 0.00192012669417 0.0152219397998 0.0218715871161 0.0277852485279 0.0207876706988 0.0124251531464 0.00680486367254 0.0154594712049 0.026305911485 0.0232805371325 0.0183126854316 0.012733592212 0.0148627315265 0.0103795071389 0.0210667365557 -0.00282455858817 0.0429634029851 0.0121007180378 0.019391556007 0.010726826002 0.010312434752 0.0155785603317 0.00718240984565 0.0120689869118 0.0283040503456 -0.0015424818334 0.0245378072742 0.0151189901282 0.0243925958527 0.03707519201 0.0566188232535 0.00713732536771 0.014204483859 0.0232511599351 0.0279398109076 0.00617105494779 0.0151514818314 0.0056956201529 0.00594347698376 -0.00327235885089 0.180022282395 0.00981754853738 0.0201930456109 0.0157396333651 0.0130657540941 0.0139567916729 0.00125685565062 -0.00170427021628 -0.00508503806271 
0.00367655390952 0.00538427054725 0.0326001882518 0.0283959979259 0.0245195083319 0.0387205032235 0.041695830093 0.0244230838885 0.0200623347955 0.0123408521602 0.00275535137404 0.035115308102 0.0382867506819 -0.00116644210378 0.0216103121071 0.0134437456454 0.00257191856435 0.0582319037095 0.00372858855256 0.00186828408434 0.0135498659622 0.0375747740007 0.0361121397391 0.00570506179967 0.0169957111112 0.0352966613781 0.005978954102 0.0436371400014 0.0186367858937 0.0205826039934 0.0438010583176 0.0250196410215 0.00235972981096 0.0128783500877 0.0239390697715 0.016482546556 0.0479745645659 0.0298008952708 0.0143549821594 0.0629021001553 -0.0114030944767 0.00981754853738 0.363419750324 0.0348695598622 0.0125133312275 0.0279475252694 0.0209389741826 0.00471794724545 0.0308697554511 0.0194782685909 
0.026182305668 -0.00195596750283 0.0257926224375 0.0203471849938 0.0140443181822 0.0326171804289 0.0187939741691 0.00829545199505 -0.0123347698482 0.0159463182442 0.00643374172591 0.0331995332141 0.01786038432 0.00210257424777 0.00913458714525 0.00478815316787 0.0115290003547 0.0125605179628 0.0268515999309 0.0161646666353 0.00350549810706 0.0246415908842 0.000800583508807 0.00595213805384 0.199707796595 0.053899123023 0.0028146665043 0.195633700996 0.0510872487001 0.0158183278259 0.0683627259026 0.0184659733497 0.016259941732 0.0126014690195 0.0342838943464 0.00468892419439 0.00967339025427 0.0513241369921 0.00393168618627 0.00598061157084 -0.00474130793243 0.0201930456109 0.0348695598622 0.603350501001 0.0313037976605 0.0412358805726 0.00429841334076 -0.0101854759957 0.0242949863451 -0.00086105740122 
0.00342809959017 0.0291933621878 0.0222718912508 0.028591980672 0.0269546758747 0.0328063675236 0.027786495225 0.0184092698582 0.0265758789977 0.0164287503526 0.00568018253088 0.00718732381705 0.0035495754376 -0.00375610334052 0.000650893247153 -0.00802183783314 0.0085607731189 0.0457591029115 -0.010692615437 0.00401447270783 0.0084766169407 0.0205672577581 -0.00993949071042 0.0156011894083 0.0148336854687 0.0461751188806 0.00874288644881 0.0358931422649 0.0188563375047 0.00472094405515 0.0275312739657 0.00922980196598 0.0107447387201 -0.00519875990482 -0.0120305216527 0.00977404032852 0.024132104251 0.0408759560014 0.0046231429684 -0.0161302378354 0.00367248528893 0.0157396333651 0.0125133312275 0.0313037976605 0.400725132681 -0.00826531141749 0.00544720099238 0.0342649634519 0.00037025665573 -0.00613103433559 
0.0324783515097 0.00797184079535 0.0118145456311 0.017257337432 0.0414812372193 0.0192657493382 0.00259864799086 0.026727210485 0.01420687596 0.0111000710774 0.000565380806309 0.0096787659688 -0.00636696907094 0.00805827579084 0.0394671944536 0.0113817012355 0.024245790932 0.025324918301 0.00657665729675 -0.00389501251822 0.00932052352396 0.0036317731655 0.00816197368207 0.00668926265556 -0.00432752705825 0.070657007033 -0.00533395388176 0.0097927429432 0.00343522488755 0.0147788076175 0.0134268351325 0.0219644693107 0.024889082421 0.00562776476024 0.00908717176172 0.0224712517527 0.0155496709861 0.0193554251464 0.0231918262649 0.00931983212017 0.0190373378508 0.0130657540941 0.0279475252694 0.0412358805726 -0.00826531141749 0.376771987395 0.00124459503675 0.0191530232148 -0.00322439175252 -0.00839647927729 
0.000809549384952 0.0183285856954 0.0105463453673 -0.00324369637395 0.0080482799116 0.0094048713067 0.00319708361413 -0.00351294241068 0.00842221249492 0.0167193502443 0.00676474135129 0.00130087661974 0.0109856111208 0.00474963348165 0.0207262479978 0.0127147766947 -0.00745372249828 0.0170523237678 0.000382457034551 0.00626423151198 0.0150762416856 0.0103117789779 -0.0193905302061 0.00794340657335 0.0166475437465 -0.00427167243881 0.00810264719023 0.0375593859951 0.00326886528017 0.0104193804095 0.0293858128948 0.0134751620631 0.0057831068737 0.00348744931017 -0.000649989845332 0.0087969805741 0.00427859877662 0.00820309661454 -0.000499802580928 0.00437765547119 0.00485155557624 0.0139567916729 0.0209389741826 0.00429841334077 0.00544720099238 0.00124459503675 0.24584278661 -0.00879195847206 0.0113337333246 -0.0024662550712 
