50
0.0770368317024 0.0613427887106 0.0725669815102 0.0988670942005 0.0210495138202 0.0743441041655 0.0162851568228 0.0693656588129 0.0791308905459 0.0367752030525 0.0135350028622 0.0623593213805 0.0472748306646 0.015652967587 0.0357981155146 0.066200000993 0.0545934085328 0.0910259677787 0.0191748751409 0.116988452624 0.0785675118811 0.0146510565804 0.0429032651101 0.121001700606 0.02473804396 0.0404531955786 0.025657065471 0.275379497042 0.0726136826411 0.0220926651793 0.146363775453 0.0202574279786 0.043075945187 0.0752984700253 0.0396471392927 0.0383245101253 0.107238949757 0.0223482457603 0.0896788789081 0.266244884644 0.0852779749864 0.0115927538848 0.0413167922229 0.0428749123775 0.0448250845436 0.0470472683343 0.169485482474 0.148705689344 0.0766878163077 0.0646745186267 
0.343605046538 0.0131896326744 0.0178219961065 0.00778849549364 -0.00122678055836 0.00154339703081 0.00445819979728 0.0182172301372 0.0212763687426 0.0111051004933 0.0110287741637 0.0175769900478 0.00157404289007 -0.00488577631103 -0.0108821172688 0.0120265693048 0.0245384700403 0.0067742847661 0.0168030113816 0.0068165398689 0.00774860016791 0.0111046755323 0.00919542559332 0.0215113794921 0.00574352598388 0.0235849455182 -0.000707292508318 0.0220737796714 0.0266537054235 0.0162925346308 0.00590626481462 0.0292447131171 -0.00127309677976 0.0141163344334 0.017546008792 0.00347460691517 0.0120096033355 0.00442517352527 0.0184598799852 0.000202808575719 -0.00661807279584 -0.01302020941 0.00965014576494 0.0124584837686 0.0143854005581 0.017420211877 0.026287657873 0.0182193310395 0.0267155933051 0.0156326265732 
0.0131896326744 0.270249785888 0.00475944146785 0.0294158956059 -0.00769958079977 0.0124947142886 0.0160864301852 0.00261963215357 0.0445892933024 0.000843117162321 -0.00197718724204 0.016219333298 0.0135855209782 -0.000775367125877 0.011273387967 0.00585918212747 0.00364709240182 0.00245985034273 0.00478789821755 0.00688887333959 0.00924421462807 0.00147953053908 0.0208681198966 0.00123313486521 0.0155917535503 0.0230741370608 0.0100554225409 -0.00926466611177 0.0271724547986 0.0131162935579 0.0175361824394 0.00496303480164 0.0133388037463 0.00447372904635 0.0228937006504 0.00867720842064 0.00153130263652 0.0235997183583 0.0325415467944 -0.00703911279737 0.0270179301634 0.0138914017348 0.0133603450277 0.00148185120015 0.00513938544414 0.00999728042078 0.0156100321972 -0.00180194855495 0.007142781419 0.00211043500846 
0.0178219961065 0.00475944146785 0.271229093155 0.0436162105711 0.0237733934628 0.0368679385222 0.016858977015 0.023144723263 0.00827181546616 0.0101611861482 0.0253888835811 0.0367766143912 -0.00291311399871 0.0216368536993 0.027214804423 0.0268574289992 0.0344542616942 0.0267257417704 0.0287872759524 0.0455074866431 0.00982694668346 0.0154224358993 0.0299820337644 0.0445620127905 0.0170460197 0.0300338567975 0.025326281321 -0.0207993839935 0.0443616719984 0.02379092798 0.00904324237416 0.0221815684585 0.038904285569 0.070305019606 0.0246485638085 0.0321400224303 0.0356333737704 0.0322823180349 0.0223394265682 0.033894239646 0.0189929381161 0.0193543272891 0.0307152135995 0.025706068348 0.0278792018593 0.0241056712457 0.0310136913803 0.0345321265479 0.0376521996301 0.00878533896709 
0.00778849549364 0.0294158956059 0.0436162105711 0.464707243362 0.00867323919587 0.0385929643644 0.0108378781715 0.036043631109 0.0225036002781 0.0143663258737 0.0285630776278 0.0313999789848 0.0501428397565 0.0278450476953 0.0104281063822 -0.0165113646461 0.0532008957394 0.0139401951752 0.00421536697552 0.04138256462 0.0177685853946 0.00785392120855 0.0330288873204 0.0239923691156 0.0121978921217 0.0398829629097 0.0230982854534 -0.0157358052351 0.0369363698353 0.0128055529024 0.0314348862246 0.0437215273172 0.00676279269546 0.0157605762327 0.0329459589838 0.0297341862468 0.0410535221755 0.00210063978812 0.0759282712448 0.0606052626459 0.0247971474816 0.0287460888023 0.0294380396158 0.0438029577333 0.0102828339605 0.00803655100555 0.015180005652 0.0585396115863 0.133801809009 0.0111632470314 
-0.00122678055836 -0.00769958079977 0.0237733934628 0.00867323919587 0.321335100991 -0.00209001258006 0.00819146505085 0.0173471467211 0.00324677971183 0.00964229881794 0.0107828789432 -0.0151249081617 0.0127830074239 0.0199603577895 0.0183565327124 -0.00991968289767 0.0177485335526 0.0231191548635 0.0161436635594 0.00714702549478 0.00157494763752 0.0046050749369 0.0113651231748 0.0172658273855 0.0135337972435 0.000598300520906 0.0123081359012 0.0279994806479 0.0119670267366 0.0212232810869 0.00188681715879 0.0143403428811 0.00837121920978 0.0198925200158 0.0201692055218 0.024856705521 -0.000770051730664 0.0170274670755 0.0110186438754 0.0264025000608 0.0253504493967 0.0220075674533 0.0191886331772 0.0122757071809 0.006443640862 0.010879257778 0.00773216839968 0.00564945615925 0.0127949139063 0.0212472617906 
0.00154339703081 0.0124947142886 0.0368679385222 0.0385929643644 -0.00209001258006 0.393235921643 -0.0124224894099 0.0218542934919 0.0028174200804 0.0148210903192 0.0187388927028 0.0135800027859 0.0162270807006 0.0390055665551 0.0263853694062 0.0380509629446 0.0287919197524 0.00610243339304 0.0188312907809 0.0204455921756 0.00530671842811 0.0148683870764 0.0205970383499 0.0164384488441 -0.00171424423171 0.00440172512189 0.0229750309006 -0.0194307588276 0.0397745807866 -0.0109615110722 0.0283961565609 0.0127840975244 0.0327589964042 -0.00623243209555 -0.00611652513584 0.036240393815 0.0409373114246 0.0276494379023 0.0292960968176 -0.0017352041829 0.0101080567417 0.0167573636677 0.00247705757548 0.0072274510914 0.028564406048 0.0155090097632 0.0186072466069 0.00850578711957 0.0398403156217 0.00867427785202 
0.00445819979728 0.0160864301852 0.016858977015 0.0108378781715 0.00819146505085 -0.0124224894099 0.146462792385 0.000161196274007 0.00103914459626 0.00368267901743 0.0168171932199 0.00419771033557 0.00954402587957 0.0101379880017 0.01218957614 0.0419145595935 0.0239244583179 0.00514110002078 0.0122564684387 0.0101366053621 0.0154499980626 0.00313156194417 0.00634026461184 0.0373819693994 0.037477594664 0.00191912020437 0.0119652076649 0.010774994568 0.00861522699519 0.0354958651547 0.0161656338675 0.00735340738639 0.0160650168502 0.0104688734294 0.044481962845 0.00528999581676 0.017497267331 0.0131659410671 0.0116177795331 -0.0116476311329 0.0189119354837 0.00936448953684 0.0256900467119 0.0138531509944 -0.00618397751837 0.0217735456766 0.0174255466651 0.0108744951037 0.00235236558618 0.0156457638715 
0.0182172301372 0.00261963215357 0.023144723263 0.036043631109 0.0173471467211 0.0218542934919 0.000161196274007 0.371310758511 0.0259588283873 0.0117212408678 0.0124271018925 0.0244328427583 -0.00666914505121 0.0143202592271 0.072991564888 0.0215226211932 0.00457049107722 0.000744887410999 0.0175417001614 0.0323893478762 0.00929842096112 0.00116306053817 0.00778913111131 0.029135477752 0.00825046656268 0.0295761386461 0.01451474708 0.0182829291738 0.00352829778227 0.00451723959114 -0.00145762819415 0.0158905653702 0.0165324243925 0.00539038981409 -0.00368114416752 0.0659293458877 0.0158128945699 0.0179672439671 0.0103303897014 0.0155947659902 0.0250741996277 0.00390258972905 0.0151025801896 -0.00137820725204 0.0343162998496 0.00787272783042 -0.00124944588089 0.0193760001445 0.0374460277208 0.00460216560872 
0.0212763687426 0.0445892933024 0.00827181546616 0.0225036002781 0.00324677971183 0.0028174200804 0.00103914459626 0.0259588283873 0.61739863597 -0.00446712010636 0.00586380345195 -0.00278890312627 0.0231286110512 -0.000542305752969 0.00546248932907 0.0317064433015 0.00749265945838 0.0179672198906 0.00056459129255 -0.011168373189 0.0206948648928 0.0152360173943 0.0050981919814 -0.000821450308247 -0.00929476916832 -0.0250589903751 0.00792715434122 -0.00408263499368 0.0186118255744 0.00534448082857 -0.0122696293141 0.00801472514885 0.0140457632513 0.0133802648957 0.0141942201182 0.00479431518917 0.0426157299604 0.0118844709994 0.0351077390197 0.0342566745269 -0.00425891563355 0.00892560326087 0.0131764432691 0.00168099326453 0.00763024024603 0.00106061585964 0.0151190510292 -0.00150990416138 0.0138537978723 0.00493563434778 
0.0111051004933 0.000843117162321 0.0101611861482 0.0143663258737 0.00964229881794 0.0148210903192 0.00368267901743 0.0117212408678 -0.00446712010636 0.25117499031 0.0111717312185 -0.00594797728372 0.00905079098114 0.0169537639211 0.0286963353715 0.0166973253308 0.0106715475493 0.024120770182 0.0180124021369 0.000712768182699 0.0267875359936 0.00667101831277 0.0188894785882 -0.00800970460522 0.013616930676 0.000820124588155 0.0308820521763 0.000736165015347 0.0267774534726 0.00625380995854 0.00938673113936 0.00941083793373 0.00774113986297 0.0164792072013 -0.0069357311395 0.00689672559198 0.015802010391 0.0131381978225 0.0226000714042 0.0374681664428 0.0112548060587 0.00861949667417 0.0241771658576 0.0210283261906 0.0241690056004 0.0141848612588 0.00840333471568 0.0136184470572 0.0227441621601 0.0237540819421 
0.0110287741637 -0.00197718724204 0.0253888835811 0.0285630776278 0.0107828789432 0.0187388927028 0.0168171932199 0.0124271018925 0.00586380345195 0.0111717312185 0.190658976183 0.014408866522 -0.00857638221802 0.00475717895569 0.0247855026174 0.030227203751 0.0294241241894 0.0158233947157 0.0225413159962 0.0195143157218 0.0131617943103 0.0170716913826 0.00655486126501 0.00611205810421 0.0125020649328 0.0180901959808 0.0214306382802 -0.0109254162664 0.0122012088952 0.00194591221607 -0.0203197182746 0.028738086909 0.0187699017304 0.00734553986989 0.0193262990935 0.0343783753324 0.0199169699554 -0.000961289414249 0.00827717630023 0.0345011368451 0.0253263193041 0.0144243096359 0.00882840887369 0.0275963701926 0.0129954716769 0.0112027810446 0.00746557176459 0.00759946390563 0.0182972488935 0.00946795025681 
0.0175769900478 0.016219333298 0.0367766143912 0.0313999789848 -0.0151249081617 0.0135800027859 0.00419771033557 0.0244328427583 -0.00278890312627 -0.00594797728372 0.014408866522 0.329055103633 -0.000412312403345 0.0365318157889 0.0204553670296 0.0362881068073 0.0505793692496 0.0302158320019 0.00527169144943 0.0406946290805 0.024822230854 0.0188905153676 0.0292150303795 0.0180183899859 0.00779180901349 0.0362138834607 0.0104615551164 -0.0163694565457 0.0710474250428 0.0132208123756 0.0220447460852 0.0278904514151 0.00675972551848 0.00723892242433 0.00676505274537 0.00745422955551 0.0476595067432 0.00328483552894 0.0352357430533 0.00205354029162 0.0300266287919 0.00520522230283 0.018505567522 0.0153605772177 0.0105470081689 0.0242481920525 0.0267657431693 0.0336727802617 0.0460278722087 0.0307655075196 
0.00157404289007 0.0135855209782 -0.00291311399871 0.0501428397565 0.0127830074239 0.0162270807006 0.00954402587957 -0.00666914505121 0.0231286110512 0.00905079098114 -0.00857638221802 -0.000412312403345 0.346062328834 0.00650193798069 -0.00506666440855 0.0121843349511 0.0106795741515 0.010909742437 0.00982392329412 0.0115564583365 0.0289129143743 0.0113719170606 0.0205240408443 0.0128778281975 0.00567564101824 -0.0126169994218 0.0524286847685 0.000881378781121 0.00517577957897 0.010002000837 0.0237496898612 0.00714056795847 0.00956292899518 0.0121675747976 0.0111917822953 0.00407620792548 0.0156490502485 -0.00514687916883 -0.0134060835051 0.0323787186632 0.0414885905016 0.00569015123582 0.00740327542254 0.0037962225739 0.00907341039556 0.0059562706885 -0.00763951270698 -0.00310731392804 0.0103222343452 -0.00569405234925 
-0.00488577631103 -0.000775367125876 0.0216368536993 0.0278450476953 0.0199603577895 0.0390055665551 0.0101379880017 0.0143202592271 -0.000542305752969 0.0169537639211 0.0047571789557 0.0365318157889 0.00650193798069 0.219831927327 0.0152803927822 0.0100937633369 0.030977723113 0.0276405720983 0.0149244848656 0.0293426742318 0.0371229969471 0.0102768147709 0.0100623826325 -0.000450354372963 0.00361912002906 0.0156625517935 0.0151743733555 -0.0105195518253 0.010028920395 0.000304553670424 0.0225509495956 0.00849723730676 0.00508769530836 0.0189296305317 -0.000481138233379 0.0185282218213 0.0457086474573 0.00627635356175 0.0356841654742 0.00507140840402 0.0317785597952 0.0123451273781 0.00394714972118 -0.00925949861933 0.0250036108672 0.0164615818994 0.0145846183722 0.0101160884949 0.0265973026161 -0.0105330035969 
-0.0108821172688 0.011273387967 0.027214804423 0.0104281063822 0.0183565327124 0.0263853694062 0.01218957614 0.072991564888 0.00546248932907 0.0286963353715 0.0247855026174 0.0204553670296 -0.00506666440855 0.0152803927822 0.242946971599 0.0189253674007 0.0063788919007 0.0234318689636 0.0116987032796 0.0213596102982 0.000481508954283 0.0225036998317 0.0144775664936 0.0163156385905 0.0100501886572 0.0139687239408 0.0250709606457 0.012263633256 0.0196066034945 0.0115449240256 0.0100357185522 0.00402796759825 0.021043027743 0.0134956329628 0.00971855334903 0.027408817164 0.0153823708561 0.00463914704496 -0.000514059551763 0.0218477025411 0.0320912611672 0.0173981592354 0.00728253701668 0.0150774858232 0.0319139207009 0.0192770417642 0.00664044935304 0.00499030208782 0.0050912827182 0.011604078243 
0.0120265693048 0.00585918212746 0.0268574289992 -0.0165113646461 -0.00991968289767 0.0380509629446 0.0419145595935 0.0215226211932 0.0317064433015 0.0166973253308 0.030227203751 0.0362881068073 0.0121843349511 0.0100937633369 0.0189253674007 0.639677490535 0.017508509361 0.00186092503657 0.00820428538082 0.0294147983049 -0.00868071198772 0.0193871724254 0.0181652091926 0.000625893719958 0.00876094096698 -0.00246334796985 0.0228654794726 0.0011121169616 0.0247669033272 0.0274226001686 0.0158269946798 -0.00810175613753 0.0218299597695 -0.00589106091789 0.0439855672511 0.0398974802785 0.0378339630083 0.0377355338913 0.00727410831122 0.0116089709601 0.0624670995165 0.0231165498885 0.0337412436925 0.0187931180117 0.0130361916742 0.0378693244406 0.0403168001171 0.00108037673867 -0.0178676581517 0.0477125002067 
0.0245384700403 0.00364709240182 0.0344542616942 0.0532008957394 0.0177485335526 0.0287919197524 0.0239244583179 0.00457049107722 0.00749265945838 0.0106715475493 0.0294241241894 0.0505793692496 0.0106795741515 0.030977723113 0.0063788919007 0.017508509361 0.250793341381 0.0268654860976 0.0346531450777 0.043956559452 0.013047003073 0.0149857241508 0.0342149119177 0.0196807940266 0.00668066402182 0.0435542933822 0.0200890588349 0.0157053420143 0.0760854947793 0.0220051838474 0.0241214422688 0.0445176897055 0.0197576712486 0.0423359900646 0.0367210749405 0.00737710276016 0.0486080890715 0.0160730874542 0.0408875884684 0.0130759876515 0.0206485965384 0.0121622577063 0.011884594577 0.0185961226453 0.0121948840696 0.0335317761625 0.0305207633431 0.0495232763157 0.0455348816235 0.0114207155672 
0.0067742847661 0.00245985034273 0.0267257417704 0.0139401951752 0.0231191548635 0.00610243339304 0.00514110002078 0.000744887410999 0.0179672198906 0.024120770182 0.0158233947157 0.0302158320019 0.010909742437 0.0276405720983 0.0234318689636 0.00186092503657 0.0268654860976 0.436329269714 0.00791481284855 0.019860637517 0.0281489966537 0.00961906825548 0.0315557460838 0.0250411829002 -0.00169290149504 0.0289017191702 0.0100876070807 -0.00120528726669 0.0383848997949 0.00624405915915 0.0193327717296 0.0189081883066 0.0115689176117 0.00877561575455 0.00264943039972 0.0146753594113 0.0126495896799 0.0118402642282 0.00435503536703 0.0272551409163 0.0457112911061 0.0132120651088 0.0133103474912 0.0319086708625 0.0185770264042 0.0163045426624 -0.00390576918838 0.0330055443424 0.00784849341531 0.00690262698251 
0.0168030113816 0.00478789821755 0.0287872759524 0.00421536697552 0.0161436635594 0.0188312907809 0.0122564684387 0.0175417001614 0.000564591292549 0.0180124021369 0.0225413159962 0.00527169144943 0.00982392329412 0.0149244848656 0.0116987032796 0.00820428538082 0.0346531450777 0.00791481284855 0.178723128458 0.0116086356503 0.00653931382144 0.0118200223634 0.0156825157036 0.0261140086437 0.00926135716618 0.012931234678 0.0265858741875 -0.00277451461056 0.0157096950858 0.00658354047634 0.00164153073066 0.0188369850378 0.0255581581969 0.0281910234936 0.0190199760185 0.0119706600384 0.0166472374141 0.0220745692718 0.0173545112576 0.00829318537978 0.0179459253609 0.0086618998979 0.0144420432948 0.0256134866078 0.0208593903126 0.0191421591282 0.00704897579239 0.0011182397917 0.00808094760771 -0.0057287553151 
0.0068165398689 0.00688887333959 0.0455074866431 0.04138256462 0.00714702549478 0.0204455921756 0.0101366053621 0.0323893478762 -0.011168373189 0.000712768182699 0.0195143157218 0.0406946290805 0.0115564583365 0.0293426742318 0.0213596102982 0.0294147983049 0.043956559452 0.019860637517 0.0116086356503 0.468315546968 0.0333716421076 0.0103545499777 0.027923413568 0.0172396086284 0.00853453750218 0.0513713169307 0.013264462272 -0.00978555670256 0.0494183872988 0.0047929475867 0.028885949292 0.0167760028989 0.0257134455505 0.0450457604773 0.0136884976697 0.0468439915567 0.0378561311292 0.0241406882786 0.0421504003844 0.019452100429 0.00676569568729 0.0178190408855 0.000953094584638 0.020364584677 0.0265780532258 0.0189143151496 0.0395716635504 0.0288258452477 0.0450030819994 0.00682609459203 
0.00774860016791 0.00924421462807 0.00982694668346 0.0177685853946 0.00157494763752 0.00530671842811 0.0154499980626 0.00929842096112 0.0206948648928 0.0267875359936 0.0131617943103 0.024822230854 0.0289129143743 0.0371229969471 0.000481508954284 -0.00868071198772 0.013047003073 0.0281489966537 0.00653931382144 0.0333716421076 0.534150651356 0.0226501231345 -0.00198279314295 0.00134113510068 0.0125951420074 0.0217661053293 -0.00225642291036 0.034810440583 0.0057288959105 0.011986904512 -0.00576755556122 0.0287419531286 -0.00148540848922 0.0348962270559 0.00597670064211 0.013417130289 0.020404999197 -0.00198184286457 0.0571361128366 0.0144904964765 0.0222572566674 0.000557215281413 0.0182191064554 0.0105973973646 0.00297946839282 0.0191285297508 -0.010570274115 0.0352199696049 0.0168355569324 0.00693069856258 
0.0111046755323 0.00147953053908 0.0154224358993 0.00785392120855 0.0046050749369 0.0148683870764 0.00313156194417 0.00116306053817 0.0152360173943 0.00667101831277 0.0170716913826 0.0188905153676 0.0113719170606 0.0102768147709 0.0225036998317 0.0193871724254 0.0149857241508 0.00961906825548 0.0118200223634 0.0103545499777 0.0226501231345 0.147383157398 0.0113126637783 0.00764624504379 0.00916492808269 0.00181934185894 0.0245287202297 -0.00296838102241 0.0161827110282 0.00386944052847 0.00481045661051 0.0183188092864 0.00487302010293 0.0212540007323 0.00247219740074 0.00737674021811 0.00988128051128 0.0153347729223 0.0228327957369 0.0157383059309 0.00954536833777 0.0124073455338 0.0154326581512 0.0201117992406 0.0354405992521 0.0175802414342 -0.00242041511665 0.0118948294944 0.0114939677231 0.00954107385576 
0.00919542559332 0.0208681198966 0.0299820337644 0.0330288873204 0.0113651231748 0.0205970383499 0.00634026461184 0.00778913111131 0.0050981919814 0.0188894785882 0.00655486126501 0.0292150303795 0.0205240408443 0.0100623826325 0.0144775664936 0.0181652091926 0.0342149119177 0.0315557460838 0.0156825157036 0.027923413568 -0.00198279314295 0.0113126637783 0.230470017699 0.00785339319043 0.00912175143608 0.0054197741342 0.0190374941782 -0.00902162446403 0.0291560441988 0.00951334747064 0.0291364260744 0.0324381433071 0.0203298047522 0.0305545037465 0.0266649701591 0.0172948397531 0.00760372359819 0.00916073222384 0.0264976309613 0.150012806525 0.0343056020274 0.0145255359665 0.0322944963499 0.00447234465971 0.0206229962414 0.00819660826476 0.0254288371919 0.0349437780992 0.0431658102973 0.00178969588038 
0.0215113794921 0.00123313486521 0.0445620127905 0.0239923691156 0.0172658273855 0.0164384488441 0.0373819693994 0.029135477752 -0.000821450308248 -0.00800970460522 0.00611205810421 0.0180183899859 0.0128778281975 -0.000450354372963 0.0163156385905 0.000625893719958 0.0196807940266 0.0250411829002 0.0261140086437 0.0172396086284 0.00134113510068 0.00764624504379 0.00785339319043 0.73691551925 0.0281510064155 0.0331041538838 0.00725160547576 -0.0115246032688 0.0243852464706 0.0425546864392 0.0111214606422 0.0260685710296 0.0151902292861 0.030457928194 0.0509592688556 0.00623623071345 0.0216753935882 0.0106805460822 -0.00447183605479 -0.000961580032058 0.0159477090082 0.0213478605898 0.0353637870529 0.0238803901615 0.0145894952286 0.0131877093049 0.0388929854435 0.0206531340868 0.0199839273219 0.022591088966 
0.00574352598388 0.0155917535503 0.0170460197 0.0121978921217 0.0135337972435 -0.00171424423171 0.037477594664 0.00825046656268 -0.00929476916832 0.013616930676 0.0125020649328 0.00779180901349 0.00567564101824 0.00361912002906 0.0100501886572 0.00876094096698 0.00668066402182 -0.00169290149504 0.00926135716618 0.00853453750218 0.0125951420074 0.00916492808269 0.00912175143608 0.0281510064155 0.157239344419 0.0132431073918 0.0235057590858 0.0213009021778 0.0133144556195 0.029669821879 0.00977610987731 0.00829709575839 0.0156237655627 0.000914719754587 0.0396798132008 0.00360220919915 0.0150151507793 0.0248689211383 0.0205426037522 -0.00014652943069 0.0203760756455 0.00707295434118 0.0107293696092 0.0218679024792 0.014918075361 0.0243491704221 0.0085720822151 -0.00380303405241 -0.00468172440356 0.0286041291796 
0.0235849455182 0.0230741370608 0.0300338567975 0.0398829629097 0.000598300520906 0.00440172512189 0.00191912020437 0.0295761386461 -0.0250589903751 0.000820124588155 0.0180901959808 0.0362138834607 -0.0126169994218 0.0156625517935 0.0139687239408 -0.00246334796985 0.0435542933822 0.0289017191702 0.012931234678 0.0513713169307 0.0217661053293 0.00181934185894 0.0054197741342 0.0331041538838 0.0132431073918 0.340223552112 0.0209240301561 -0.00589486009474 0.0501295147673 0.00111095560708 0.0149434389999 0.0434079693085 0.0221339968861 0.024367825134 0.0115507423505 0.0301733418139 0.0321601943498 0.0124878213452 0.0356691921056 0.0162112160726 0.0286699593225 0.0010361205709 0.02520986048 0.00455924633742 0.0170051327092 0.0126836009768 0.021249311623 0.0277400307141 0.0193937888124 0.00692150021109 
-0.000707292508318 0.0100554225409 0.025326281321 0.0230982854534 0.0123081359012 0.0229750309006 0.0119652076649 0.01451474708 0.00792715434122 0.0308820521763 0.0214306382802 0.0104615551164 0.0524286847685 0.0151743733555 0.0250709606457 0.0228654794726 0.0200890588349 0.0100876070807 0.0265858741875 0.013264462272 -0.00225642291036 0.0245287202297 0.0190374941782 0.00725160547576 0.0235057590858 0.0209240301561 0.173719761783 -0.00139793937643 0.0206952934194 0.0132047731211 0.00550445475106 0.0185680947511 0.0404313802969 0.0222181837175 0.0197876950556 0.02211164709 0.0261332648035 0.03351483101 0.0145858023535 0.0292908207745 0.0274145003842 0.018175226302 0.0193420339453 0.0283731663515 0.0219789234049 0.0168790322428 0.003787582655 0.0113287047461 0.0218314989531 0.0236486067301 
0.0220737796714 -0.00926466611177 -0.0207993839935 -0.0157358052351 0.0279994806479 -0.0194307588276 0.010774994568 0.0182829291738 -0.00408263499368 0.000736165015348 -0.0109254162664 -0.0163694565457 0.000881378781122 -0.0105195518253 0.012263633256 0.0011121169616 0.0157053420143 -0.00120528726669 -0.00277451461056 -0.00978555670256 0.034810440583 -0.00296838102241 -0.00902162446403 -0.0115246032688 0.0213009021778 -0.00589486009474 -0.00139793937643 4.09346642546 -0.00982401325502 0.00689209405135 -0.00203774015125 -0.0131563594858 -0.00350714097385 0.091584253021 0.0442201516948 0.00590071718177 -0.0131345363386 0.00472208942992 -0.0191659844336 -0.0286523123327 0.00365780016256 0.00159742858674 0.0192329242286 -0.00205483646494 0.00958741021208 -0.00824262911303 0.0148810779608 -0.0253061378076 -0.0100911772791 -0.0154961098559 
0.0266537054235 0.0271724547986 0.0443616719984 0.0369363698353 0.0119670267366 0.0397745807866 0.00861522699519 0.00352829778227 0.0186118255744 0.0267774534726 0.0122012088952 0.0710474250428 0.00517577957897 0.010028920395 0.0196066034945 0.0247669033272 0.0760854947793 0.0383848997949 0.0157096950858 0.0494183872988 0.0057288959105 0.0161827110282 0.0291560441988 0.0243852464706 0.0133144556195 0.0501295147673 0.0206952934194 -0.00982401325502 0.258438788219 0.0124580707114 0.0356421501574 0.0318209482916 0.0213294891079 0.0253152032319 0.0240925888111 0.0387687882086 0.0472659245577 0.00696481396785 0.0282713625529 0.0990740577284 0.00922438771572 0.0146440225213 0.0277047492972 0.0218940239482 0.012819463854 0.0138752856147 0.0539830077123 0.0303571389311 0.0249206486756 0.0232686409 
0.0162925346308 0.0131162935579 0.02379092798 0.0128055529024 0.0212232810869 -0.0109615110722 0.0354958651547 0.00451723959114 0.00534448082857 0.00625380995854 0.00194591221607 0.0132208123756 0.010002000837 0.000304553670426 0.0115449240256 0.0274226001686 0.0220051838474 0.00624405915915 0.00658354047634 0.0047929475867 0.011986904512 0.00386944052847 0.00951334747064 0.0425546864392 0.029669821879 0.00111095560708 0.0132047731211 0.00689209405135 0.0124580707114 0.225107142997 0.0261694053842 0.0140457024142 0.00857664561505 0.0233838751942 0.0457918522496 0.0010068786459 -0.000184673242151 0.016436947756 0.00647173488899 -0.0065713673509 0.0220568123587 0.00173725526232 0.00122240533374 0.000329746721013 -0.000249152615068 0.0208768696086 0.0138905990099 0.0149213036174 0.00504008190111 0.00750073566715 
0.00590626481462 0.0175361824394 0.00904324237416 0.0314348862246 0.00188681715879 0.0283961565609 0.0161656338675 -0.00145762819415 -0.0122696293141 0.00938673113936 -0.0203197182746 0.0220447460852 0.0237496898612 0.0225509495956 0.0100357185522 0.0158269946798 0.0241214422688 0.0193327717296 0.00164153073066 0.028885949292 -0.00576755556122 0.00481045661051 0.0291364260744 0.0111214606422 0.00977610987731 0.0149434389999 0.00550445475106 -0.00203774015125 0.0356421501574 0.0261694053842 0.977828364437 0.00984095154326 0.0118140334336 -0.00633088279027 0.00673348567313 -0.039175718085 0.0078028625643 0.0157283210998 -0.00138489573649 0.016677933637 0.0421094784354 0.00935056982435 0.0390951365845 0.00768136880627 0.0134409722372 0.0115477271741 -0.00300490626452 -0.0371303561136 0.00982563339192 0.0287193338905 
0.0292447131171 0.00496303480164 0.0221815684585 0.0437215273172 0.0143403428811 0.0127840975244 0.00735340738639 0.0158905653702 0.00801472514885 0.00941083793373 0.028738086909 0.0278904514151 0.00714056795847 0.00849723730676 0.00402796759825 -0.00810175613753 0.0445176897055 0.0189081883066 0.0188369850378 0.0167760028989 0.0287419531286 0.0183188092864 0.0324381433071 0.0260685710296 0.00829709575839 0.0434079693085 0.0185680947511 -0.0131563594858 0.0318209482916 0.0140457024142 0.00984095154326 0.26396599151 0.0117634685618 0.0252957806758 0.0176717402487 0.0273792446692 0.0445809143573 0.00881229981847 0.0752513662694 0.0385913863004 0.000471964388681 0.0213223123371 0.0149187576948 0.0235305113252 0.0168059688693 0.0227362991436 -0.00190323523109 0.0349440066822 0.0400607485553 -0.00509455302166 
-0.00127309677976 0.0133388037463 0.038904285569 0.00676279269545 0.00837121920978 0.0327589964042 0.0160650168502 0.0165324243925 0.0140457632513 0.00774113986297 0.0187699017304 0.00675972551848 0.00956292899518 0.00508769530836 0.021043027743 0.0218299597695 0.0197576712486 0.0115689176117 0.0255581581969 0.0257134455505 -0.00148540848922 0.00487302010293 0.0203298047522 0.0151902292861 0.0156237655627 0.0221339968861 0.0404313802969 -0.00350714097385 0.0213294891079 0.00857664561505 0.0118140334336 0.0117634685618 0.204165098959 0.0247487680013 0.0304959994381 0.0141703233646 0.0410996012294 0.0262390455649 0.0242618370665 0.0263976347278 -0.00425689626926 0.0178887239329 0.0022865727875 0.0158841191305 0.0274116314164 0.0216837977331 0.00253951104966 0.00854330696593 0.0278381647302 0.0276845577054 
0.0141163344334 0.00447372904635 0.070305019606 0.0157605762327 0.0198925200158 -0.00623243209555 0.0104688734294 0.00539038981409 0.0133802648957 0.0164792072013 0.00734553986989 0.00723892242433 0.0121675747976 0.0189296305317 0.0134956329628 -0.00589106091789 0.0423359900646 0.00877561575455 0.0281910234936 0.0450457604773 0.0348962270559 0.0212540007323 0.0305545037465 0.030457928194 0.000914719754587 0.024367825134 0.0222181837175 0.091584253021 0.0253152032319 0.0233838751942 -0.00633088279027 0.0252957806758 0.0247487680013 0.473636464005 0.00610288877087 0.0426835216777 0.012804562541 0.0243057293017 0.00523610419081 -0.00126283011567 0.0105956927256 0.0169679843447 0.0199162940811 0.0128310721429 0.0113332753085 0.00959845826831 0.0313253702031 0.0707219305483 0.0565636967609 0.00219478057126 
0.017546008792 0.0228937006504 0.0246485638085 0.0329459589838 0.0201692055218 -0.00611652513584 0.044481962845 -0.00368114416752 0.0141942201182 -0.0069357311395 0.0193262990935 0.00676505274537 0.0111917822953 -0.00048113823338 0.00971855334903 0.0439855672511 0.0367210749405 0.00264943039972 0.0190199760185 0.0136884976697 0.00597670064211 0.00247219740074 0.0266649701591 0.0509592688556 0.0396798132008 0.0115507423505 0.0197876950556 0.0442201516948 0.0240925888111 0.0457918522496 0.00673348567313 0.0176717402487 0.0304959994381 0.00610288877087 0.251614455935 0.0167853734406 0.0152913147121 0.0390403702283 0.0147187251885 -0.00490907058257 0.0321173799858 0.0226640741599 0.0215027836945 0.0176525357104 0.000769819725054 0.0116396138938 0.00569307728461 0.0258720255887 0.0158883252593 0.0101549644435 
0.00347460691517 0.00867720842064 0.0321400224303 0.0297341862468 0.024856705521 0.036240393815 0.00528999581676 0.0659293458877 0.00479431518917 0.00689672559198 0.0343783753324 0.00745422955551 0.00407620792548 0.0185282218213 0.027408817164 0.0398974802785 0.00737710276016 0.0146753594113 0.0119706600384 0.0468439915567 0.013417130289 0.00737674021811 0.0172948397531 0.00623623071345 0.00360220919915 0.0301733418139 0.02211164709 0.00590071718177 0.0387687882086 0.0010068786459 -0.039175718085 0.0273792446692 0.0141703233646 0.0426835216777 0.0167853734406 0.311143275769 0.0152113898742 0.0215039248511 0.0292716343459 0.0505223000123 0.0223401161354 0.0195129286895 0.00832125220465 0.0335641839368 0.0546591210927 0.0142359713018 0.00342751628626 0.00620314451006 0.0132147697694 0.0169388613242 
0.0120096033355 0.00153130263652 0.0356333737704 0.0410535221755 -0.000770051730664 0.0409373114246 0.017497267331 0.0158128945699 0.0426157299604 0.015802010391 0.0199169699554 0.0476595067432 0.0156490502485 0.0457086474573 0.0153823708561 0.0378339630083 0.0486080890715 0.0126495896799 0.0166472374141 0.0378561311292 0.020404999197 0.00988128051128 0.00760372359819 0.0216753935882 0.0150151507793 0.0321601943498 0.0261332648035 -0.0131345363386 0.0472659245577 -0.000184673242151 0.0078028625643 0.0445809143573 0.0410996012294 0.012804562541 0.0152913147121 0.0152113898742 0.470961589922 0.0293540158114 0.0425559318943 0.0132428589443 0.0153724243574 0.00353251246914 0.015246652391 0.0236100172903 0.028437449071 0.0171352977222 0.0339200952022 0.0360180699196 0.0453842074628 0.0350669262959 
0.00442517352527 0.0235997183583 0.0322823180349 0.00210063978812 0.0170274670755 0.0276494379023 0.0131659410671 0.0179672439671 0.0118844709994 0.0131381978225 -0.000961289414248 0.00328483552894 -0.00514687916883 0.00627635356175 0.00463914704496 0.0377355338913 0.0160730874542 0.0118402642282 0.0220745692718 0.0241406882786 -0.00198184286457 0.0153347729223 0.00916073222384 0.0106805460822 0.0248689211383 0.0124878213452 0.03351483101 0.00472208942992 0.00696481396785 0.016436947756 0.0157283210998 0.00881229981847 0.0262390455649 0.0243057293017 0.0390403702283 0.0215039248511 0.0293540158114 0.206773419137 0.0256916002894 0.0225518951327 0.00908562517074 0.0089332084628 0.024147915869 0.0290853758409 0.0226872213637 0.0202141753741 0.0046012757766 0.016756730524 0.000982743680047 0.0246740389655 
0.0184598799852 0.0325415467944 0.0223394265682 0.0759282712448 0.0110186438754 0.0292960968176 0.0116177795331 0.0103303897014 0.0351077390197 0.0226000714042 0.00827717630023 0.0352357430533 -0.0134060835051 0.0356841654742 -0.000514059551763 0.00727410831122 0.0408875884684 0.00435503536702 0.0173545112576 0.0421504003844 0.0571361128366 0.0228327957369 0.0264976309613 -0.00447183605479 0.0205426037522 0.0356691921056 0.0145858023535 -0.0191659844336 0.0282713625529 0.00647173488899 -0.0013848957365 0.0752513662694 0.0242618370665 0.00523610419081 0.0147187251885 0.0292716343459 0.0425559318943 0.0256916002894 0.532777946639 0.0672965454725 -0.003018396707 0.00750407540737 0.013182127482 0.025433721856 0.00477996179887 0.00398812522319 0.0103599250814 0.058154768928 0.100188520349 0.0239248883356 
0.000202808575719 -0.00703911279737 0.033894239646 0.0606052626459 0.0264025000608 -0.0017352041829 -0.0116476311329 0.0155947659902 0.0342566745269 0.0374681664428 0.0345011368451 0.00205354029162 0.0323787186632 0.00507140840402 0.0218477025411 0.0116089709601 0.0130759876515 0.0272551409163 0.00829318537978 0.019452100429 0.0144904964765 0.0157383059309 0.150012806525 -0.000961580032057 -0.000146529430689 0.0162112160726 0.0292908207745 -0.0286523123327 0.0990740577284 -0.0065713673509 0.016677933637 0.0385913863004 0.0263976347278 -0.00126283011567 -0.00490907058257 0.0505223000123 0.0132428589443 0.0225518951327 0.0672965454725 2.26458463964 0.00479951584939 0.00389377879559 0.0318288287921 0.0354979058292 0.00411298049759 0.00353597475643 0.0172097211974 0.0180572526435 0.0610560815793 -0.00961233243341 
-0.00661807279584 0.0270179301634 0.0189929381161 0.0247971474816 0.0253504493967 0.0101080567417 0.0189119354837 0.0250741996277 -0.00425891563355 0.0112548060587 0.0253263193041 0.0300266287919 0.0414885905016 0.0317785597952 0.0320912611672 0.0624670995165 0.0206485965384 0.0457112911061 0.0179459253609 0.00676569568729 0.0222572566674 0.00954536833777 0.0343056020274 0.0159477090082 0.0203760756455 0.0286699593225 0.0274145003842 0.00365780016256 0.00922438771572 0.0220568123587 0.0421094784354 0.000471964388681 -0.00425689626926 0.0105956927256 0.0321173799858 0.0223401161354 0.0153724243574 0.00908562517074 -0.003018396707 0.00479951584939 0.387656621252 0.0141000838925 0.0475393738178 0.00848972248392 0.0282225132988 0.0225487280514 0.0400072500535 -0.00206059653875 0.0100858860739 0.0367543139476 
-0.01302020941 0.0138914017348 0.0193543272891 0.0287460888023 0.0220075674533 0.0167573636677 0.00936448953684 0.00390258972905 0.00892560326087 0.00861949667417 0.0144243096359 0.00520522230283 0.00569015123582 0.0123451273781 0.0173981592354 0.0231165498885 0.0121622577063 0.0132120651088 0.0086618998979 0.0178190408855 0.000557215281412 0.0124073455338 0.0145255359665 0.0213478605898 0.00707295434118 0.0010361205709 0.018175226302 0.00159742858674 0.0146440225213 0.00173725526232 0.00935056982435 0.0213223123371 0.0178887239329 0.0169679843447 0.0226640741599 0.0195129286895 0.00353251246914 0.0089332084628 0.00750407540737 0.00389377879559 0.0141000838925 0.136832478044 0.0139613256638 0.0168112790782 0.0131206375028 0.0166780468479 0.0171874501458 0.0142785990166 0.0206444007324 0.0057494487495 
0.00965014576494 0.0133603450277 0.0307152135995 0.0294380396158 0.0191886331772 0.00247705757548 0.0256900467119 0.0151025801896 0.0131764432691 0.0241771658576 0.00882840887369 0.018505567522 0.00740327542254 0.00394714972118 0.00728253701668 0.0337412436925 0.011884594577 0.0133103474912 0.0144420432948 0.000953094584638 0.0182191064554 0.0154326581512 0.0322944963499 0.0353637870529 0.0107293696092 0.02520986048 0.0193420339453 0.0192329242286 0.0277047492972 0.00122240533374 0.0390951365845 0.0149187576948 0.0022865727875 0.0199162940811 0.0215027836945 0.00832125220465 0.015246652391 0.024147915869 0.013182127482 0.0318288287921 0.0475393738178 0.0139613256638 0.237776689628 0.0132456087758 0.0135048271456 0.0206103806137 0.0112928006661 0.00287881771833 0.0249079242735 0.0184666829859 
0.0124584837686 0.00148185120015 0.025706068348 0.0438029577333 0.0122757071809 0.0072274510914 0.0138531509944 -0.00137820725204 0.00168099326453 0.0210283261906 0.0275963701926 0.0153605772177 0.0037962225739 -0.00925949861933 0.0150774858232 0.0187931180117 0.0185961226453 0.0319086708625 0.0256134866078 0.020364584677 0.0105973973646 0.0201117992406 0.00447234465971 0.0238803901615 0.0218679024792 0.00455924633742 0.0283731663515 -0.00205483646494 0.0218940239482 0.000329746721013 0.00768136880627 0.0235305113252 0.0158841191305 0.0128310721429 0.0176525357104 0.0335641839368 0.0236100172903 0.0290853758409 0.025433721856 0.0354979058292 0.00848972248392 0.0168112790782 0.0132456087758 0.253189891428 0.0168746806804 0.0294472822031 0.0161065451347 0.00880115150657 0.036005701153 0.0200616633129 
0.0143854005581 0.00513938544414 0.0278792018593 0.0102828339605 0.006443640862 0.028564406048 -0.00618397751837 0.0343162998496 0.00763024024603 0.0241690056004 0.0129954716769 0.0105470081689 0.00907341039556 0.0250036108672 0.0319139207009 0.0130361916742 0.0121948840696 0.0185770264042 0.0208593903126 0.0265780532258 0.00297946839282 0.0354405992521 0.0206229962414 0.0145894952286 0.014918075361 0.0170051327092 0.0219789234049 0.00958741021208 0.012819463854 -0.000249152615069 0.0134409722372 0.0168059688693 0.0274116314164 0.0113332753085 0.000769819725054 0.0546591210927 0.028437449071 0.0226872213637 0.00477996179887 0.00411298049759 0.0282225132988 0.0131206375028 0.0135048271456 0.0168746806804 0.240266526452 0.0164893842884 0.0131114201065 0.0126963284191 0.0121360227758 0.00565478425775 
0.017420211877 0.00999728042078 0.0241056712457 0.00803655100555 0.010879257778 0.0155090097632 0.0217735456766 0.00787272783042 0.00106061585964 0.0141848612588 0.0112027810446 0.0242481920525 0.0059562706885 0.0164615818994 0.0192770417642 0.0378693244406 0.0335317761625 0.0163045426624 0.0191421591282 0.0189143151496 0.0191285297508 0.0175802414342 0.00819660826476 0.0131877093049 0.0243491704221 0.0126836009768 0.0168790322428 -0.00824262911303 0.0138752856147 0.0208768696086 0.0115477271741 0.0227362991436 0.0216837977331 0.00959845826831 0.0116396138938 0.0142359713018 0.0171352977222 0.0202141753741 0.00398812522319 0.00353597475643 0.0225487280514 0.0166780468479 0.0206103806137 0.0294472822031 0.0164893842884 0.202678050101 0.00252168935636 0.0470311666978 0.0169878632189 0.0215950637258 
0.026287657873 0.0156100321972 0.0310136913803 0.015180005652 0.00773216839968 0.0186072466069 0.0174255466651 -0.00124944588089 0.0151190510292 0.00840333471568 0.00746557176459 0.0267657431693 -0.00763951270698 0.0145846183722 0.00664044935304 0.0403168001171 0.0305207633431 -0.00390576918838 0.00704897579239 0.0395716635504 -0.010570274115 -0.00242041511665 0.0254288371919 0.0388929854435 0.0085720822151 0.021249311623 0.003787582655 0.0148810779608 0.0539830077123 0.0138905990099 -0.00300490626452 -0.00190323523109 0.00253951104966 0.0313253702031 0.00569307728461 0.00342751628626 0.0339200952022 0.0046012757766 0.0103599250814 0.0172097211974 0.0400072500535 0.0171874501458 0.0112928006661 0.0161065451347 0.0131114201065 0.00252168935636 0.673151314248 0.0278542585361 1.65253797701e-06 0.0147784920618 
0.0182193310395 -0.00180194855495 0.0345321265479 0.0585396115863 0.00564945615925 0.00850578711957 0.0108744951037 0.0193760001445 -0.00150990416138 0.0136184470572 0.00759946390563 0.0336727802617 -0.00310731392804 0.0101160884949 0.00499030208782 0.00108037673867 0.0495232763157 0.0330055443424 0.0011182397917 0.0288258452477 0.0352199696049 0.0118948294944 0.0349437780992 0.0206531340868 -0.00380303405241 0.0277400307141 0.0113287047461 -0.0253061378076 0.0303571389311 0.0149213036174 -0.0371303561136 0.0349440066822 0.00854330696593 0.0707219305483 0.0258720255887 0.00620314451006 0.0360180699196 0.016756730524 0.058154768928 0.0180572526435 -0.00206059653875 0.0142785990166 0.00287881771833 0.00880115150657 0.0126963284191 0.0470311666978 0.0278542585361 0.63121868522 0.0910281109728 0.0117108640487 
