20
0.0533662879029 0.0357981155146 0.0272516352802 0.119859861498 0.0218855159469 0.116671338284 0.0383245101253 0.0278380444533 0.0425593974561 0.0362094771936 0.275379497042 0.0394797478448 0.0428749123775 0.0413167922229 0.0355019489908 0.0997806882374 0.0538734886168 0.107116270008 0.125871369107 0.0995242847704 
0.431100592527 0.0167351360794 0.00422736064975 0.0253878985931 0.0149844052545 0.0126437461458 0.0141662538209 0.0125196728053 0.0421744602948 0.0118532689747 -0.012473431854 0.00153813931471 0.0509395963854 0.0155336704546 -0.000996129266814 0.0072605710047 0.0208079552158 0.0309361440386 0.00671765653121 0.00899812374863 
0.0167351360794 0.262665046276 -0.00614651021471 0.0155372436683 0.015432405765 0.0145303285946 0.0444322340945 0.0202684104227 0.0158475979835 0.0333889184411 0.0123012829916 0.01325805878 0.0224614819374 0.0176023403087 0.0290553721214 0.0190987789198 0.029924117885 0.0139463528277 0.000115097009292 0.0353852870526 
0.00422736064975 -0.00614651021471 0.227954368925 0.0107276856107 0.00928420759559 0.0254739106918 0.0251513986367 0.0173180858988 0.0128117067075 0.0222574667935 -0.0112791115807 0.00228963701218 0.0237775757106 0.0191781341064 0.0302607311714 0.0126003066375 0.00640415985326 0.00125995445114 0.0272718263792 0.0173443211136 
0.0253878985931 0.0155372436683 0.0107276856107 0.526079708371 0.00421715258363 0.0249340817394 0.0190056445155 0.00661821498088 0.0292070406504 0.0168896804619 -0.0268448082611 0.0283002721878 0.018835013117 0.0231214115617 0.023330957873 0.0148743273092 0.0339587681488 0.0809215156059 0.118448133363 0.0277434027866 
0.0149844052545 0.015432405765 0.00928420759559 0.00421715258363 0.165447242858 0.00234790644746 0.011566544917 0.0100730112764 0.0177811688308 0.0145646450734 0.0274286342728 0.0108976122672 0.00561777424167 0.0118392162919 0.00451175458174 0.0100904243831 0.0133506689484 0.00495879027466 -0.0103614181923 0.0124235935604 
0.0126437461458 0.0145303285946 0.0254739106918 0.0249340817394 0.00234790644746 1.0765808039 0.0345793239132 0.00344031712865 0.0295586043122 0.0295643746712 -0.0295250278657 0.0283835576754 0.0045594988294 0.00652510749665 -0.0186661287952 0.0171969313131 0.0228888467432 0.0478819321013 0.0121388887583 0.035109275278 
0.0141662538209 0.0444322340945 0.0251513986367 0.0190056445155 0.011566544917 0.0345793239132 0.338730056633 0.0126668744985 0.0412301763572 0.0259964653187 0.00646222227519 0.0250874187347 0.0418781060981 0.0172222495445 0.0344846315732 0.0196522048714 0.032240538941 0.0442318022593 0.0100485147387 0.0237878538898 
0.0125196728053 0.0202684104227 0.0173180858988 0.00661821498088 0.0100730112764 0.00344031712865 0.0126668744985 0.189634372268 0.0252245035309 0.0242921212327 -0.00278758510798 0.00672978595398 0.0102214613151 0.0275650126359 0.0301476426263 0.0121176396953 0.00958765300309 0.00632445042205 0.000455867173526 0.00365590953518 
0.0421744602948 0.0158475979835 0.0128117067075 0.0292070406504 0.0177811688308 0.0295586043122 0.0412301763572 0.0252245035309 0.406275267356 0.0301336195229 0.00648346741421 0.0184948611374 0.0329624045956 0.0243519489848 0.00276458175715 0.0180500200663 0.0512887868468 0.0724810701743 0.0255413472482 0.0167362161609 
0.0118532689747 0.0333889184411 0.0222574667935 0.0168896804619 0.0145646450734 0.0295643746712 0.0259964653187 0.0242921212327 0.0301336195229 0.26680140943 -0.00822077942714 0.0362981342055 0.0341937907188 0.0377772184687 0.021136757343 0.0186967798968 0.0316520461465 0.022885122679 0.00956326454902 0.0139441878037 
-0.012473431854 0.0123012829916 -0.0112791115807 -0.0268448082611 0.0274286342728 -0.0295250278657 0.00646222227519 -0.00278758510798 0.00648346741421 -0.00822077942714 4.09526840029 -0.000923621877903 -0.00202505354843 0.0192644273505 -0.0122433545857 0.0346399645134 0.00235731510455 -0.00813154332395 -0.00812382433972 -0.0100225475647 
0.00153813931471 0.01325805878 0.00228963701218 0.0283002721878 0.0108976122672 0.0283835576754 0.0250874187347 0.00672978595398 0.0184948611374 0.0362981342055 -0.000923621877903 0.33988668097 0.0166915691804 0.0289252387974 0.0160224812571 0.0285367790855 0.0369294582118 0.0432476100083 0.00232944346742 0.0226028963737 
0.0509395963854 0.0224614819374 0.0237775757106 0.018835013117 0.00561777424167 0.0045594988294 0.0418781060981 0.0102214613151 0.0329624045956 0.0341937907188 -0.00202505354843 0.0166915691804 0.266305094699 0.0257572943618 0.0368165861438 0.00902592010203 0.0119101515221 0.0487170364106 0.00773677228954 0.011183434405 
0.0155336704546 0.0176023403087 0.0191781341064 0.0231214115617 0.0118392162919 0.00652510749665 0.0172222495445 0.0275650126359 0.0243519489848 0.0377772184687 0.0192644273505 0.0289252387974 0.0257572943618 0.256124668462 0.0159396848789 0.0446998561477 0.022449704965 0.0274254936115 0.000651888229505 0.0361461020417 
-0.000996129266813 0.0290553721214 0.0302607311714 0.023330957873 0.00451175458174 -0.0186661287952 0.0344846315732 0.0301476426263 0.00276458175715 0.021136757343 -0.0122433545857 0.0160224812571 0.0368165861438 0.0159396848789 0.319228936564 0.0310622897593 0.00586802111276 0.0364369146485 -0.000287024367904 0.0206747100876 
0.0072605710047 0.0190987789198 0.0126003066375 0.0148743273092 0.0100904243831 0.0171969313131 0.0196522048714 0.0121176396953 0.0180500200663 0.0186967798968 0.0346399645134 0.0285367790855 0.00902592010203 0.0446998561477 0.0310622897593 0.580070210315 0.0208306623538 0.02948026484 0.0348470962006 0.0435944477519 
0.0208079552158 0.029924117885 0.00640415985326 0.0339587681488 0.0133506689484 0.0228888467432 0.032240538941 0.00958765300309 0.0512887868468 0.0316520461465 0.00235731510455 0.0369294582118 0.0119101515221 0.022449704965 0.00586802111276 0.0208306623538 0.384221769076 0.0669155719434 0.0355401758067 0.0139279327384 
0.0309361440386 0.0139463528277 0.00125995445114 0.0809215156059 0.00495879027466 0.0478819321013 0.0442318022593 0.00632445042205 0.0724810701743 0.022885122679 -0.00813154332395 0.0432476100083 0.0487170364106 0.0274254936115 0.0364369146485 0.02948026484 0.0669155719434 0.547098195264 0.0208483442106 0.039550124338 
0.00671765653121 0.000115097009292 0.0272718263792 0.118448133363 -0.0103614181923 0.0121388887583 0.0100485147387 0.000455867173526 0.0255413472482 0.00956326454902 -0.00812382433972 0.00232944346742 0.00773677228954 0.000651888229505 -0.000287024367904 0.0348470962006 0.0355401758067 0.0208483442106 0.837993399497 -0.00931542492791 
0.00899812374863 0.0353852870526 0.0173443211136 0.0277434027866 0.0124235935604 0.035109275278 0.0237878538898 0.00365590953518 0.0167362161609 0.0139441878037 -0.0100225475647 0.0226028963737 0.011183434405 0.0361461020417 0.0206747100876 0.0435944477519 0.0139279327384 0.039550124338 -0.00931542492791 0.461385744195 

['NWL', 'WAG', 'OMC', 'CTXS', 'GIS', 'RHI', 'BBBY', 'CL', 'BC', 'BK', 'RSH', 'ITT', 'CMCSA', 'MCK', 'FISV', 'MEDI', 'WHR', 'NSM', 'CVG', 'WMB']