50
0.0910259677787 0.478952808182 0.0678674292734 0.0163484450471 0.0389775871913 0.10135047428 0.136312174374 0.060830846045 0.040534814632 0.100974868985 0.041097516798 0.0261881624723 0.0384738749472 0.0738036440579 0.0698927007 0.0715007016099 0.0395396308246 0.214537342356 0.0716450377603 0.116671338284 0.0511846892664 0.0764707668379 0.0470472683343 0.0695535734162 0.0425593974561 0.0486664598358 0.0128714932266 0.0335319673985 0.148705689344 0.146363775453 0.192324736986 0.0690593134036 0.102128665084 0.143584613331 0.0773240107923 0.0248608942987 0.0248078828137 0.0584548507687 0.0576577356707 0.0314514366364 0.15397042743 0.188050706821 0.0472748306646 0.116988452624 0.00361039022472 0.0308834605432 0.0388241127613 0.0672535079153 0.0523918745475 0.029419367 
0.430961640429 -0.00488231211563 0.0231663914388 -0.00387712400169 0.0187833823727 0.0295520048746 -0.0118372214012 0.0282521768565 -0.000999423289321 0.030558196514 0.00887602026238 0.0059035238103 0.0130188980683 0.0154054515517 0.026650816106 0.0122275122512 0.0383725140726 0.0440010209193 0.00959431639834 0.00924540945899 0.019767326947 0.0180683478632 0.0170243752932 0.0274701726351 0.0192966774356 0.0474337479259 -0.00274500724183 0.0300634902355 0.0297459496113 0.0192480847904 0.00849335088001 0.0299823806098 0.0163212196753 0.00578218015654 0.0529952223479 0.0160801310522 0.0200299878276 0.00534474827318 -0.00172127766532 0.0126268160347 0.00800869194471 0.0411858261235 0.0117765108608 0.0153377295566 0.00368542512545 0.0132728029413 0.0118621532021 -0.00732650941643 0.025518185916 0.00881306246851 
-0.00488231211562 5.23457832635 0.0434629042832 -0.0187133378034 -0.0167589146436 0.0241502521836 0.00619122506043 0.00113201223452 0.00667341636184 -0.000349072394599 0.107241237638 0.00450433869628 0.0137049049069 -0.0105054583062 0.0420444123666 0.00397213405293 0.0317249673311 0.0786629685971 -0.0376141142099 0.0119885137995 0.00656435744003 0.0535088176712 -0.0178694402008 -0.020432456011 -0.0173997468153 -0.0101819777738 0.003863894159 -0.00759649497874 0.0790963154519 0.000679945331982 -0.00430334800885 0.0031695944871 0.0320800580465 -0.0193714557957 -0.0180926089081 -0.00431932034414 0.00807217719306 -0.00156568191777 -0.00787378239183 -0.0104043674864 0.0212339695047 -0.0178351880238 -0.0101679375663 -0.0330223939756 -0.00125688336316 -0.000985203261046 -0.00854952078218 0.00980423313213 -0.034739533717 -0.0214309936655 
0.0231663914388 0.0434629042832 0.360467481307 0.0113129832129 0.0272233119208 0.024664529998 -0.00965122142467 0.0437163026954 0.00435493474661 0.0352650521335 0.00721862117515 0.0223593296642 0.0164981669053 0.0255058391467 -0.000653353989877 0.14138730983 0.0220867528099 0.0736759669089 0.00272975150082 0.00921995701495 0.0299057233477 0.0660768816108 0.0272139389969 0.0120131005395 0.0425618455451 0.0148607803255 0.00539455460824 0.0160992225457 0.0114622261828 0.00791158788406 0.0357743482207 0.0230410787842 0.0181262930815 0.0163816928538 0.0467890848451 0.0279470210937 0.0129671468812 0.021140326281 0.0244098567167 0.0256578646383 -0.00216875110117 0.0229475765865 0.0124720863608 0.0447701438618 0.0340562284154 0.00923104480642 0.0301825749155 0.0724909726931 0.0168125036566 0.00245955360431 
-0.00387712400169 -0.0187133378034 0.0113129832129 0.198205050517 0.0224176197 0.0160224517698 -0.00790477349955 0.0176848398162 0.017601970774 0.0016472565503 0.0230381720651 0.00598653238103 0.00796669203709 0.0176217274645 0.00504599147321 0.00597702397415 -0.0062746886148 0.0143713766675 0.00212896684736 0.0320924342374 0.00395240417198 0.00114780036822 0.0207391126232 -0.00288202925185 0.017563865348 0.00634896622537 0.0113745474934 0.00474674386553 0.0141468840129 0.0163620881682 0.029690564383 0.0168419153665 0.000841381991477 0.0360105436278 0.0116505208882 0.0188669257534 0.00494461573986 0.0312112769668 0.0170389995041 0.0180634143666 0.0295242205528 -0.00883620035114 0.00919018893004 0.00978311870148 0.00650800732976 0.0300278566461 0.00899653582774 0.020413260683 0.0246537643632 0.047005977488 
0.0187833823727 -0.0167589146436 0.0272233119208 0.0224176197 0.227491362647 0.0180045730878 -0.0248620049511 0.0386633588864 -0.00973352477023 0.0139546130908 0.0513062476944 0.0222748145159 0.015442852416 0.0206011970045 0.0430756711971 0.0159619201544 0.0127235430455 0.0119522075522 0.0124099517842 0.0153814089778 -0.00174694909595 0.0230027702382 0.00728766200997 0.00916709072972 -0.00678551910588 0.00818072892471 0.00331917462383 0.00834408591717 0.0256653205164 0.00251995664768 0.0459282419643 0.0426646658159 0.00489982824029 0.0130132015371 0.0381812409894 0.0542167820934 0.0166884956469 0.00196406746176 0.0157325815712 0.0446513146946 0.000357657138201 0.0128691440755 -0.00709416108791 0.0090008517907 0.0158614675506 0.0195321418465 0.028982857776 0.0128978105 0.0349590065615 0.00807578469132 
0.0295520048746 0.0241502521836 0.024664529998 0.0160224517698 0.0180045730878 0.54830921495 -0.0130644426343 0.0214245590288 -0.00404981468952 0.0198398887717 0.0277820839983 0.0781500890839 5.64155574956e-05 0.0249097681162 0.074864218652 0.01126426261 0.0350529006364 0.140413519792 0.012656557306 0.0225699594455 0.0187447219537 0.0307637639355 0.0184606883675 0.0204007535182 0.060272596221 -0.0151621118005 -0.00557776115755 0.0334096423628 0.0347412204069 0.0369619093222 0.0683637634227 0.011422919631 0.0422816357769 0.0262844160316 0.0247452418266 0.0202716978577 0.0094628037624 0.0186817322643 0.026028586787 0.0300501012056 0.0345253350197 0.0748069552655 -0.00114194452337 0.0177435376413 6.68267779389e-06 0.0303006279675 0.0311977695797 0.0553998786604 0.00491121292383 0.0157725175043 
-0.0118372214012 0.00619122506043 -0.00965122142467 -0.00790477349956 -0.0248620049511 -0.0130644426343 1.94177544079 -0.00988334759988 -0.00614542396242 -0.00180264132424 -0.00211002610455 -0.00453925302309 -0.0162497939023 -0.0164383185428 0.00051076942624 0.0042100271902 -0.00923311370291 -0.0167670116077 -0.0196906399186 -0.0101833407515 -0.0203838080444 -0.0169024735754 0.00872021099485 -0.0127887885757 -0.00760838400639 -0.016885097865 0.00257127260237 -0.0114429292 -0.0123466213831 -0.000631221802041 -0.0101164624724 -0.0190202030527 -0.0159467129994 0.0154547677797 -0.00829111563232 -0.00619189713251 -0.000825264162895 -6.92558085829e-05 -0.00406807911372 -0.000830160257628 0.00751698390714 -0.0176969531402 -0.00763389145477 -0.0154631945618 0.0116246629845 -0.0143099872536 -0.0192572851566 -0.00311254404685 0.0107384822224 -0.00634940979963 
0.0282521768565 0.00113201223452 0.0437163026954 0.0176848398162 0.0386633588864 0.0214245590288 -0.00988334759988 0.280898906027 0.000422607103829 0.0361073954568 0.0312461625607 0.00756941172769 0.0161627824869 0.0242353318211 0.0290025873765 0.0167736916351 0.0166461311275 0.0215503557386 0.0730760579485 0.0205551768664 0.00848699067708 0.0447345183674 0.0120604556977 0.0188289768388 -0.000631737840197 0.0276463931559 0.00572085137385 0.0251350155978 0.0110210373905 0.00438506113825 0.0436051911822 0.0180815266151 0.0191332203779 0.0214717545885 0.0330064263192 0.0367361758868 0.0192495535448 0.0272399320729 0.013566635997 0.0306952326552 -0.00577884463339 0.0477106043051 0.0103711019718 0.0308704562618 0.00725663701717 0.0207626899106 0.0149880961065 0.0400834340567 0.00714550294081 0.013598295915 
-0.000999423289323 0.00667341636184 0.00435493474661 0.017601970774 -0.00973352477023 -0.00404981468953 -0.00614542396242 0.00042260710383 0.531930520235 -0.00301740576653 0.00188308444744 0.0119649517008 -0.00684608961309 -0.0133338507231 0.017381838069 0.00331833175717 -0.0123515898859 0.0203848971289 -0.00382350892033 0.00649917912477 0.00252807748813 -3.41081029594e-05 0.0106261431273 0.0063255539768 -0.00385130234516 -0.0283584622607 0.00400004265027 0.0102167744205 -0.0124122346477 0.0122429608178 0.00636731276408 0.00840296264922 -0.0016007718923 0.0301679555792 -0.00395711440963 0.00561141275317 0.0136664898468 0.0214882930123 0.0144942794335 0.00828264743808 0.00924277476057 0.0194325158493 -0.00339768660418 0.0077765752433 0.00357887331272 0.00404015837664 -0.00374441306636 -0.00136906448618 -0.010639371644 0.0203388063007 
0.030558196514 -0.0003490723946 0.0352650521335 0.00164725655031 0.0139546130908 0.0198398887717 -0.00180264132424 0.0361073954568 -0.00301740576653 0.459257492822 0.0105880122348 0.0233626447839 0.00234186802712 0.0363727286057 0.0236837853835 -0.00391499959443 0.0231488767665 0.0476563753988 0.00349331426501 0.048674926648 0.0365963127779 0.0211720275954 0.00652419046366 0.0269872035265 0.0443401606529 0.022838942463 -0.00412144984932 0.0225098772157 0.0190664131819 0.0415667659517 0.00800836469826 0.00797179388293 0.0502228224933 0.0210477974758 0.0658877307998 -0.00357029302454 0.00871462136106 0.0111288801888 0.0145309549729 0.0119707991079 0.010453681266 0.0468868122561 0.00827315259248 0.0530678880352 0.0204087981882 0.0113015882462 0.0369102552688 0.0474376803711 0.00491055906339 0.0133494226022 
0.00887602026238 0.107241237638 0.00721862117515 0.0230381720651 0.0513062476944 0.0277820839983 -0.00211002610455 0.0312461625607 0.00188308444744 0.0105880122348 0.224265986992 0.00997956181909 0.0131353078838 0.0108126665177 0.0236210273471 0.0130189906297 0.00385135878305 0.0145979074149 0.0145844293105 0.0118503491348 0.00548353547101 0.00496228929161 0.0174670131474 0.0124254035703 -0.0131839347461 0.0241818271307 0.0203741627621 0.0165674974907 0.0166290052351 -0.00418564110913 0.03817115276 0.0197663718898 0.000541134532342 0.0341843101566 0.0331413083814 0.0144019135286 0.0159345207855 0.0233303122559 0.0146201073549 0.0355508445001 0.0240494248172 0.0203788225064 0.00711985788586 0.00806981868367 0.00845381476308 0.0228470754537 0.012287237189 0.00702619053761 0.0144687432649 0.0186148332402 
0.0059035238103 0.00450433869628 0.0223593296642 0.00598653238102 0.0222748145159 0.0781500890839 -0.00453925302309 0.00756941172769 0.0119649517008 0.0233626447839 0.00997956181909 0.247857748796 0.0218072188837 0.00772491259879 0.0263124296611 -0.00224507452921 0.0112853964976 0.0284518476168 0.00221033495165 -0.0178675955416 0.00804460296894 0.008794795623 0.00880142256945 -0.00675573539724 0.0197507934966 0.000649934205976 0.00223195274354 0.0253957880171 0.0137853292344 0.00935671416301 0.00654462980947 -0.00364065101006 0.0084724918304 0.0165436564975 0.0251508881004 0.0243786275168 0.00617497834381 0.00322778263668 -0.00260162151835 0.0183769190362 0.0118842577953 0.00888415822706 0.0177981259617 0.0090433576216 0.0145012073697 0.00919787012044 0.0179747448198 0.0141236539423 0.00915995136082 0.00731094800315 
0.0130188980683 0.0137049049069 0.0164981669053 0.00796669203709 0.015442852416 5.64155574956e-05 -0.0162497939023 0.0161627824869 -0.00684608961309 0.00234186802712 0.0131353078838 0.0218072188837 0.231106488613 0.0117397972842 0.0178286413632 0.0109406001565 0.0201964752639 0.0116127885778 -0.00501463517845 0.00100284715837 -0.00135155401415 0.0237580338681 0.0160220824564 0.000390567141077 0.0153417725319 0.0158745086643 -0.00330353312001 0.0111149089437 0.00536867101685 0.0192226098261 0.0339260159909 0.0152764172413 -0.000373310439821 0.0199073325971 0.0162838565504 0.0222957954136 -0.0085144620644 0.0247988961697 0.0102153924675 0.00737023510381 0.0148143675174 0.0123233314619 0.00646641741208 0.0131842733552 0.00481651169673 0.00945063045453 0.0110405329555 0.0100347545861 0.0164101582195 0.00799184565228 
0.0154054515517 -0.0105054583062 0.0255058391467 0.0176217274645 0.0206011970045 0.0249097681162 -0.0164383185428 0.0242353318211 -0.0133338507231 0.0363727286057 0.0108126665177 0.00772491259879 0.0117397972842 0.350835556755 0.0573901162536 0.00336082540344 -0.00218502900705 0.0393955775218 -0.00583630775572 0.0126458858001 0.0119518198208 0.0311470175199 0.0119423280209 0.0108906413791 0.00841000858779 0.00646811588766 0.00514209186208 0.0102337430719 0.0238160079716 0.0200013990703 0.0402391898212 0.0173261646945 0.0287798739113 0.0154825981052 0.0320541960809 0.0230231794754 0.0114392737532 0.0270966770627 0.0206096330123 0.00811561687915 0.0188560227014 0.0438764758056 0.000462483696642 0.0240467302895 0.0138108681089 0.00983763820772 -0.0019123181544 0.0282759350883 0.0127428856715 0.014664609056 
0.026650816106 0.0420444123666 -0.000653353989879 0.00504599147321 0.0430756711971 0.074864218652 0.00051076942624 0.0290025873765 0.017381838069 0.0236837853835 0.0236210273471 0.0263124296611 0.0178286413632 0.0573901162536 0.432857084749 0.00481950034255 0.0190589657942 0.00938665201517 0.0282971798149 0.0160892459487 0.0250429156057 0.0485069796974 0.017073956624 0.0378196724701 -0.0119885710546 0.00936596955963 0.00594276775622 0.0213396398138 0.0376378305183 0.00122158855326 0.0676344520613 0.0153847948768 0.0231020937242 0.0161177668493 0.0374738336318 0.0248083213376 0.00159055186125 0.0249754394573 0.0140457264309 0.0355783412034 0.0222858002493 0.0360214213873 0.0204821224409 0.0296829813429 0.00984634431719 0.0116178037018 0.0146244355235 0.0110020744339 0.0154365944783 0.00877854755819 
0.0122275122512 0.00397213405293 0.14138730983 0.00597702397415 0.0159619201544 0.01126426261 0.0042100271902 0.0167736916351 0.00331833175717 -0.00391499959442 0.0130189906297 -0.00224507452921 0.0109406001565 0.00336082540344 0.00481950034255 0.572326881512 -0.0126212900593 0.0364656617 0.00952745139034 0.00354367673631 0.00710108397972 0.0106911517832 0.0174451050515 0.00783881675558 -0.00851593675408 0.00407501499056 0.015485230328 0.0193468702785 0.00925081313287 -0.0100377199922 0.0191977539104 -0.00881750911594 0.00545117852263 -0.00140291423573 0.0157201837097 0.0127929813329 -0.00172838061266 0.0183448537524 0.00935727171112 0.0106645978917 -0.00580427135912 0.0119204032525 0.0111624055902 0.0289733939839 0.0132527342971 0.00802873687344 -0.00343262986005 0.0511490231369 -0.00515361028812 0.00146224171245 
0.0383725140726 0.0317249673311 0.0220867528099 -0.0062746886148 0.0127235430455 0.0350529006364 -0.00923311370291 0.0166461311275 -0.0123515898859 0.0231488767665 0.00385135878305 0.0112853964976 0.0201964752639 -0.00218502900705 0.0190589657942 -0.0126212900593 0.285899923929 0.0514026731142 0.0186911195354 0.0140581491645 0.0145744702068 0.0325651852314 0.0150613737199 0.00783986722371 0.0326989868613 0.00248329165039 -0.00421929816139 0.0184047586636 0.0149094723426 0.0254288007479 0.0118540845483 0.0170241353409 0.0115262119733 0.00183431360044 0.0284968060258 0.0150379891573 0.00951662180034 0.0175370778264 0.0243343728106 0.0231621797998 -0.0248004744254 0.0276414742328 0.00948098432864 0.0241885718426 0.017167439657 0.0118972117449 0.0148321690439 0.0294067548456 0.0213450236691 0.00330620047969 
0.0440010209193 0.0786629685971 0.0736759669089 0.0143713766675 0.0119522075522 0.140413519792 -0.0167670116077 0.0215503557386 0.0203848971289 0.0476563753988 0.0145979074149 0.0284518476168 0.0116127885778 0.0393955775218 0.00938665201517 0.0364656617 0.0514026731142 0.95293868495 0.02793101843 0.0121627594354 0.040855599713 0.0584201513233 -0.00320729917136 0.0105750418854 0.034913606034 0.0161281452637 0.00978734368915 0.0575762431488 0.0702811498797 0.0122694163453 0.0442178086528 0.0218561049444 0.0645567981685 0.0115877709291 0.0630440677929 0.0152872853424 0.0190697370244 0.0180602850737 0.0310109447458 0.012060299046 0.0782029499676 0.0657297960948 0.0115002460972 0.0406883802624 0.0171095881096 0.013450816677 0.0215185079034 0.056114510316 0.0257065225354 0.00722387998396 
0.00959431639835 -0.0376141142099 0.00272975150082 0.00212896684736 0.0124099517842 0.012656557306 -0.0196906399186 0.0730760579485 -0.00382350892033 0.00349331426502 0.0145844293105 0.00221033495165 -0.00501463517845 -0.00583630775572 0.028297179815 0.00952745139034 0.0186911195354 0.02793101843 0.46018997097 -0.00577089345924 -0.00876010436879 -0.00288824035456 0.00308287337887 0.00149748731372 0.00884415539997 0.0177204534625 0.00574328654246 0.00817536175264 0.0271046502064 0.0220705799069 0.0131146988258 0.0131031181238 0.0160669238621 0.0394797955678 0.0181338668806 0.0129900511816 0.0103425504627 0.0164469883173 0.0205180544497 0.0053805915426 0.023505657058 0.0127783160769 -0.0165536617983 -0.00861583391733 0.00835681316378 0.005445288414 -0.00284357824841 0.00743794482434 0.0107313692344 0.0226059834798 
0.00924540945899 0.0119885137995 0.00921995701495 0.0320924342374 0.0153814089778 0.0225699594455 -0.0101833407515 0.0205551768664 0.00649917912477 0.048674926648 0.0118503491348 -0.0178675955416 0.00100284715837 0.0126458858001 0.0160892459487 0.00354367673631 0.0140581491645 0.0121627594354 -0.00577089345924 1.06574191422 0.0110914906593 0.0494008459282 0.0293286328835 0.0319835408392 0.0253091648358 0.00618933659372 0.00427483526096 0.0025541873563 0.0208353075874 -0.00773977525452 0.0591983725024 0.0132190224817 0.0073415687564 0.0709835308946 0.0392013646723 0.00631596046684 0.00670649183958 0.0280542093378 0.0296759550757 0.0197144167665 0.028539088047 0.0812293511148 -0.0180042724796 0.0372286887903 -0.0130073623248 0.000558241587712 0.00148254033233 0.0197080364039 0.00896242241898 -0.015760212464 
0.019767326947 0.00656435744003 0.0299057233477 0.00395240417197 -0.00174694909595 0.0187447219537 -0.0203838080444 0.00848699067708 0.00252807748813 0.0365963127779 0.00548353547101 0.00804460296894 -0.00135155401415 0.0119518198208 0.0250429156057 0.00710108397972 0.0145744702068 0.040855599713 -0.00876010436879 0.0110914906593 0.331854332555 0.0140253387514 0.0118436416396 0.000284393795442 -0.0040336663362 0.0165693751279 0.00874371095851 0.021814853205 0.0395014175992 0.0123480894825 0.0589456187961 0.00233200290472 0.0371283106118 0.0205457243542 0.0211381036127 0.00938502131159 0.00685099645493 0.0124909472663 0.0172097978252 -0.00201246292924 0.00183344422254 0.0407952429894 -0.00436426067622 0.0110560233157 0.0125233923988 0.00573145002692 0.0124155065541 0.00851771064866 -0.0092640923846 0.00160960938289 
0.0180683478632 0.0535088176712 0.0660768816108 0.00114780036823 0.0230027702382 0.0307637639355 -0.0169024735754 0.0447345183674 -3.41081029603e-05 0.0211720275954 0.00496228929161 0.008794795623 0.0237580338682 0.0311470175199 0.0485069796974 0.0106911517832 0.0325651852314 0.0584201513233 -0.00288824035455 0.0494008459282 0.0140253387514 0.441313270419 0.0235118336426 0.00819463020609 0.014510676267 0.0150135804627 0.0094267044355 0.0220032521596 0.0153200335069 0.0237451604686 0.0527312666472 0.0289391360673 0.0377511131794 0.0291711318434 0.065727169395 0.0280116806682 0.00765782976928 0.018731251472 0.0186904077721 0.0277825315292 0.0167989925402 0.0490743100033 0.0217743229639 0.0752612656939 0.00666980460619 0.0159567052006 0.0159037459716 0.057211678814 0.0257543936909 0.00544831783647 
0.0170243752932 -0.0178694402008 0.0272139389969 0.0207391126232 0.00728766200996 0.0184606883675 0.00872021099485 0.0120604556977 0.0106261431273 0.00652419046366 0.0174670131474 0.00880142256945 0.0160220824564 0.0119423280209 0.017073956624 0.0174451050515 0.0150613737199 -0.00320729917136 0.00308287337887 0.0293286328835 0.0118436416396 0.0235118336426 0.174885005756 0.0421757846424 0.0265977537206 0.00951380244546 0.00776309631367 0.0145751167233 0.0474789285558 0.011425741244 0.0284410726484 0.00490093056538 0.0068082272946 0.0277658329701 0.0237886699229 0.0151417649784 0.00820986141383 0.0766199842513 0.0695207257507 0.0249715213198 0.00726817957924 0.028312203673 0.00612095208944 0.0111961602322 0.0144967026882 0.0114299563449 0.0035466931296 0.0181375511727 0.0317032677426 0.0181300838154 
0.0274701726351 -0.020432456011 0.0120131005395 -0.00288202925185 0.00916709072972 0.0204007535182 -0.0127887885757 0.0188289768388 0.00632555397681 0.0269872035265 0.0124254035703 -0.00675573539724 0.000390567141077 0.0108906413791 0.0378196724701 0.00783881675558 0.00783986722371 0.0105750418854 0.00149748731372 0.0319835408392 0.000284393795445 0.00819463020609 0.0421757846424 0.394250017591 0.0125714646105 0.00974155903655 0.0146221601544 0.00613914803449 0.0100068413758 0.00302743521218 0.00719148627438 0.0312168483441 0.00733627743331 -0.0010066920244 0.0189583548303 0.0136689982552 -0.0108812591913 0.0262736464743 0.0245284921467 0.00531087599832 -0.00340657365843 0.0163220318906 -0.00379622156417 0.0105752816583 0.000469749119309 0.00755281967256 0.00981260350979 0.00797130973539 0.00285174091394 -0.00277635916062 
0.0192966774356 -0.0173997468153 0.0425618455451 0.017563865348 -0.00678551910588 0.060272596221 -0.00760838400639 -0.000631737840193 -0.00385130234516 0.0443401606529 -0.0131839347461 0.0197507934966 0.0153417725319 0.0084100085878 -0.0119885710546 -0.00851593675408 0.0326989868613 0.034913606034 0.00884415539998 0.0253091648358 -0.0040336663362 0.014510676267 0.0265977537206 0.0125714646105 0.390940438967 -0.00113692405198 0.00231966470911 0.0311645477519 0.0270850013858 0.0219353951104 0.0203334917523 -0.000613763651728 0.0210233155937 0.0299477853508 0.0481053236278 0.0206273535543 0.0221123278248 0.0325412796342 0.022789522729 0.0170377995015 0.0363084543002 0.0095825227885 0.0314309095162 0.0290561285211 0.00636988173022 0.0235763796921 0.0290636485722 0.0454908250388 0.0320150995805 0.0200245528099 
0.0474337479259 -0.0101819777738 0.0148607803255 0.00634896622537 0.00818072892471 -0.0151621118005 -0.016885097865 0.0276463931559 -0.0283584622607 0.022838942463 0.0241818271307 0.000649934205982 0.0158745086643 0.00646811588765 0.00936596955963 0.00407501499056 0.00248329165039 0.0161281452637 0.0177204534625 0.00618933659372 0.0165693751279 0.0150135804627 0.00951380244547 0.00974155903655 -0.00113692405198 0.310647704101 0.010422347611 0.0109193299259 0.0165170863541 0.00359551003073 0.0219382451765 0.00229361445718 -0.00539733794972 0.00601825685003 0.00584608799584 0.0203488367108 0.00644096940149 0.0182277698916 0.0108300286302 0.00831741539238 0.0211528246617 -0.00385735602073 0.0114247260736 0.0141898973943 0.0198068124492 2.36213831557e-05 0.0185503969592 0.0211371351618 0.0145376222195 0.0262709227293 
-0.00274500724183 0.003863894159 0.00539455460824 0.0113745474935 0.00331917462383 -0.00557776115755 0.00257127260237 0.00572085137384 0.00400004265027 -0.00412144984931 0.0203741627621 0.00223195274354 -0.00330353312 0.00514209186208 0.00594276775623 0.015485230328 -0.00421929816138 0.00978734368915 0.00574328654247 0.00427483526096 0.00874371095851 0.0094267044355 0.00776309631366 0.0146221601544 0.00231966470911 0.010422347611 0.225925079186 0.00783930297587 0.0145905446333 -0.00153243378375 -0.00807732225968 0.00392809432042 0.00794499984951 0.0126459267283 -0.003168586036 -3.38116326328e-05 0.0126864420368 0.00797881523848 -0.00402469224055 0.0104924851623 -0.000657187551412 -0.00336636018877 0.00183195372241 0.00929416977705 0.00381886240094 0.0169489867173 0.00422918356869 -0.0126638474309 0.0184101826253 -0.00587705119943 
0.0300634902355 -0.00759649497874 0.0160992225457 0.00474674386556 0.00834408591717 0.0334096423628 -0.0114429292 0.0251350155978 0.0102167744205 0.0225098772157 0.0165674974907 0.0253957880171 0.0111149089437 0.0102337430719 0.0213396398138 0.0193468702785 0.0184047586636 0.0575762431488 0.00817536175264 0.00255418735629 0.021814853205 0.0220032521596 0.0145751167233 0.00613914803449 0.0311645477519 0.0109193299259 0.00783930297586 0.208164545402 0.0426040515599 0.00601409505406 0.0479016904023 0.0244882184738 0.0134866036227 0.0183481247049 0.0538005267049 0.0153362876453 0.0181984758033 0.0181197983994 0.0148655180779 0.0195432712808 0.0138253546399 0.0380377771167 0.00687288313778 0.0304509241416 0.0252711130873 0.00592038247574 0.0143695278732 0.0209418028287 0.0204825884223 0.0110284704229 
0.0297459496113 0.0790963154519 0.0114622261828 0.0141468840129 0.0256653205164 0.0347412204069 -0.0123466213831 0.0110210373905 -0.0124122346477 0.0190664131818 0.0166290052351 0.0137853292344 0.00536867101685 0.0238160079716 0.0376378305183 0.00925081313287 0.0149094723426 0.0702811498797 0.0271046502064 0.0208353075874 0.0395014175992 0.0153200335069 0.0474789285558 0.0100068413758 0.0270850013858 0.0165170863541 0.0145905446333 0.0426040515599 0.632829970537 -0.0375483247504 0.0298755951997 0.0191046814765 0.0324616978462 0.01851853439 0.0303043856149 0.0215086771766 0.002392239443 0.0269132047212 0.0377569784221 0.0138280752208 0.0390191050889 0.0536085036893 0.00131080761642 0.0342514360378 0.0136250280577 0.00262948635797 0.0055510132177 0.020289085351 -0.0178716297876 0.011904121209 
0.0192480847904 0.000679945331981 0.00791158788406 0.0163620881682 0.00251995664768 0.0369619093222 -0.000631221802042 0.00438506113825 0.0122429608178 0.0415667659517 -0.00418564110913 0.00935671416301 0.0192226098261 0.0200013990703 0.00122158855326 -0.0100377199922 0.0254288007479 0.0122694163453 0.0220705799069 -0.00773977525452 0.0123480894825 0.0237451604686 0.011425741244 0.00302743521218 0.0219353951104 0.00359551003073 -0.00153243378375 0.00601409505406 -0.0375483247504 0.977884268276 0.0591480773456 -0.00934809762631 0.0267765852276 0.02024397779 0.0281779082322 0.00831487852233 0.0100354850666 0.0195262450931 8.50484911107e-05 0.0155178852193 0.0194622283602 -0.00902564394442 0.0261299544215 0.0237756944791 0.00191605483365 0.00185567437204 0.00412895554573 0.000892570900731 0.0373678279989 0.00806549086217 
0.00849335088001 -0.00430334800885 0.0357743482207 0.029690564383 0.0459282419643 0.0683637634227 -0.0101164624724 0.0436051911822 0.00636731276408 0.00800836469826 0.03817115276 0.00654462980947 0.0339260159909 0.0402391898212 0.0676344520613 0.0191977539104 0.0118540845483 0.0442178086528 0.0131146988258 0.0591983725024 0.0589456187961 0.0527312666472 0.0284410726484 0.00719148627437 0.0203334917523 0.0219382451765 -0.00807732225968 0.0479016904023 0.0298755951997 0.0591480773456 0.64098931308 0.0252404733031 0.0635573044247 0.150010537849 0.0533494786355 0.0231120587431 0.024149987172 0.03416391676 0.0338658493671 0.0229942518922 0.118439570829 0.075945465976 -0.00663548992653 0.09597596117 0.0205191422727 0.0116136786054 0.0231963337692 0.0068815847334 0.0147498598007 0.014369572599 
0.0299823806098 0.0031695944871 0.0230410787842 0.0168419153665 0.0426646658159 0.011422919631 -0.0190202030527 0.0180815266151 0.00840296264922 0.00797179388292 0.0197663718898 -0.00364065101006 0.0152764172413 0.0173261646945 0.0153847948768 -0.00881750911594 0.0170241353409 0.0218561049444 0.0131031181238 0.0132190224817 0.00233200290472 0.0289391360673 0.00490093056537 0.0312168483441 -0.000613763651724 0.00229361445717 0.00392809432042 0.0244882184738 0.0191046814765 -0.00934809762631 0.0252404733031 0.425730682513 0.00922063195026 0.0266272926991 0.038157777173 0.0384446134444 0.0165656174141 -0.00900549792545 0.0169853518192 0.0111059613952 0.0157820697811 0.0147703261851 -0.00525064348827 0.0117956149149 0.0161702164775 0.0240933170104 0.0252139003824 0.0123928971105 0.00784410453758 0.0151582497819 
0.0163212196753 0.0320800580465 0.0181262930815 0.000841381991477 0.00489982824029 0.0422816357769 -0.0159467129994 0.0191332203779 -0.0016007718923 0.0502228224933 0.000541134532342 0.0084724918304 -0.000373310439822 0.0287798739113 0.0231020937242 0.00545117852262 0.0115262119733 0.0645567981685 0.0160669238621 0.0073415687564 0.0371283106118 0.0377511131794 0.0068082272946 0.00733627743331 0.0210233155937 -0.00539733794973 0.00794499984951 0.0134866036227 0.0324616978462 0.0267765852276 0.0635573044247 0.00922063195025 0.675829089969 0.0479884168161 0.0506067164757 0.00393279928779 0.0311130773115 0.0275234330932 0.020043616954 0.00972552750307 0.0244419193769 0.0225315605953 0.0059900792859 0.024933582051 0.0164354823818 0.0068720666491 0.0136625403947 0.0261674938135 0.0128899582675 -0.00646009596014 
0.00578218015655 -0.0193714557957 0.0163816928538 0.0360105436278 0.0130132015371 0.0262844160316 0.0154547677797 0.0214717545885 0.0301679555792 0.0210477974758 0.0341843101566 0.0165436564975 0.0199073325971 0.0154825981052 0.0161177668493 -0.00140291423572 0.00183431360044 0.0115877709291 0.0394797955678 0.0709835308946 0.0205457243542 0.0291711318434 0.0277658329701 -0.0010066920244 0.0299477853508 0.00601825685003 0.0126459267283 0.0183481247049 0.01851853439 0.02024397779 0.150010537849 0.0266272926991 0.0479884168161 0.510752219993 0.0633667018674 0.00937663610686 0.0147396233711 0.0336457649646 0.0257585379095 0.0127487956532 0.222309961751 0.0120473427347 -0.0139129659903 0.0575435343264 -0.00183607618143 0.00214385417253 0.00817462234604 9.3189468592e-05 0.018259675341 0.0284446803181 
0.0529952223479 -0.0180926089081 0.0467890848451 0.0116505208882 0.0381812409894 0.0247452418266 -0.00829111563232 0.0330064263192 -0.00395711440963 0.0658877307998 0.0331413083814 0.0251508881004 0.0162838565504 0.0320541960809 0.0374738336318 0.0157201837097 0.0284968060258 0.0630440677929 0.0181338668806 0.0392013646723 0.0211381036127 0.065727169395 0.0237886699229 0.0189583548303 0.0481053236278 0.00584608799584 -0.003168586036 0.0538005267048 0.0303043856149 0.0281779082322 0.0533494786355 0.038157777173 0.0506067164757 0.0633667018674 0.456959322832 0.0406648081172 0.0187425536765 0.046325857284 0.0436297786549 0.0404542864876 0.0501922976383 0.0306200843122 0.0261112043127 0.050433774242 0.0264123115078 0.0240680635255 0.0449385410342 0.0511922794798 0.0238004891617 0.0158454815363 
0.0160801310522 -0.00431932034414 0.0279470210937 0.0188669257534 0.0542167820934 0.0202716978577 -0.00619189713251 0.0367361758867 0.00561141275317 -0.00357029302454 0.0144019135286 0.0243786275168 0.0222957954136 0.0230231794754 0.0248083213376 0.0127929813329 0.0150379891573 0.0152872853424 0.0129900511816 0.00631596046684 0.00938502131159 0.0280116806682 0.0151417649784 0.0136689982552 0.0206273535543 0.0203488367108 -3.3811632637e-05 0.0153362876453 0.0215086771766 0.00831487852233 0.0231120587431 0.0384446134444 0.0039327992878 0.00937663610686 0.0406648081172 0.207120424374 0.00192603019009 0.0330047778615 0.0145177586505 0.038732288068 -0.00723670431287 0.0118172677401 0.013558934054 0.0116950162908 0.0121147447545 0.0462367773771 0.019275209738 0.0397783718042 0.0222162819863 0.0115202666681 
0.0200299878276 0.00807217719306 0.0129671468812 0.00494461573987 0.0166884956469 0.0094628037624 -0.000825264162895 0.0192495535448 0.0136664898468 0.00871462136106 0.0159345207855 0.0061749783438 -0.0085144620644 0.0114392737532 0.00159055186125 -0.00172838061266 0.00951662180034 0.0190697370244 0.0103425504627 0.00670649183958 0.00685099645493 0.00765782976928 0.00820986141383 -0.0108812591913 0.0221123278248 0.00644096940149 0.0126864420368 0.0181984758033 0.00239223944299 0.0100354850666 0.024149987172 0.0165656174141 0.0311130773115 0.0147396233711 0.0187425536765 0.00192603019009 0.211460340582 0.0211037130723 0.0211610729937 0.0162564601511 0.00301690483702 0.0151728234473 0.00771166026668 0.0181606170279 0.0173218976787 0.0075707696306 0.00667686448871 0.00916680393497 0.000224908541084 0.00345877530956 
0.00534474827317 -0.00156568191777 0.021140326281 0.0312112769668 0.00196406746176 0.0186817322643 -6.92558085828e-05 0.0272399320729 0.0214882930123 0.0111288801888 0.0233303122559 0.00322778263667 0.0247988961697 0.0270966770627 0.0249754394573 0.0183448537524 0.0175370778264 0.0180602850737 0.0164469883173 0.0280542093378 0.0124909472663 0.018731251472 0.0766199842513 0.0262736464743 0.0325412796342 0.0182277698916 0.00797881523848 0.0181197983994 0.0269132047212 0.0195262450931 0.03416391676 -0.00900549792545 0.0275234330932 0.0336457649646 0.046325857284 0.0330047778615 0.0211037130723 0.220007318695 0.0727068180502 0.033017010053 0.0215440016659 0.0237356719929 0.00745304375609 0.0141929598277 0.0139213612312 0.0160421595035 0.019175426451 0.0208263059679 0.0301625670415 0.030531816413 
-0.00172127766532 -0.00787378239183 0.0244098567167 0.0170389995041 0.0157325815712 0.026028586787 -0.00406807911372 0.013566635997 0.0144942794335 0.0145309549729 0.0146201073549 -0.00260162151834 0.0102153924675 0.0206096330123 0.0140457264309 0.00935727171112 0.0243343728106 0.0310109447458 0.0205180544497 0.0296759550757 0.0172097978252 0.0186904077721 0.0695207257507 0.0245284921467 0.022789522729 0.0108300286302 -0.00402469224055 0.0148655180779 0.0377569784221 8.50484911112e-05 0.0338658493671 0.0169853518192 0.020043616954 0.0257585379095 0.0436297786549 0.0145177586505 0.0211610729937 0.0727068180502 0.224673234911 0.0148132008714 0.0122731619205 0.0209778443085 0.0100633556746 0.0238682453415 0.0136692211688 0.0100911397184 0.0146763469429 0.0367531780221 0.0187742162272 0.0237847607511 
0.0126268160347 -0.0104043674864 0.0256578646383 0.0180634143666 0.0446513146946 0.0300501012056 -0.000830160257628 0.0306952326552 0.00828264743808 0.0119707991079 0.0355508445001 0.0183769190362 0.00737023510381 0.00811561687915 0.0355783412034 0.0106645978917 0.0231621797998 0.012060299046 0.0053805915426 0.0197144167665 -0.00201246292924 0.0277825315292 0.0249715213198 0.00531087599832 0.0170377995015 0.00831741539237 0.0104924851623 0.0195432712808 0.0138280752208 0.0155178852193 0.0229942518922 0.0111059613952 0.00972552750307 0.0127487956532 0.0404542864876 0.038732288068 0.0162564601511 0.033017010053 0.0148132008714 0.177974351776 0.00432412115838 0.00350313713507 0.00979865870349 0.0040678944874 0.0171468648208 0.0454035682555 0.0243017904079 0.0179114495029 0.0344157059349 0.01176782486 
0.00800869194471 0.0212339695047 -0.00216875110117 0.0295242205528 0.000357657138202 0.0345253350197 0.00751698390714 -0.00577884463339 0.00924277476057 0.010453681266 0.0240494248172 0.0118842577953 0.0148143675174 0.0188560227014 0.0222858002493 -0.00580427135912 -0.0248004744254 0.0782029499676 0.023505657058 0.028539088047 0.00183344422254 0.0167989925402 0.00726817957924 -0.00340657365843 0.0363084543002 0.0211528246617 -0.000657187551412 0.0138253546399 0.0390191050889 0.0194622283602 0.118439570829 0.0157820697811 0.0244419193769 0.222309961751 0.0501922976383 -0.00723670431287 0.00301690483702 0.0215440016659 0.0122731619205 0.00432412115838 0.568917474724 0.00548085887357 -0.010167683874 0.0714958530952 -0.00494496829045 -0.000775895278365 -0.00515835858799 0.0148419781571 0.00311923803427 0.00929892685468 
0.0411858261235 -0.0178351880238 0.0229475765865 -0.00883620035114 0.0128691440755 0.0748069552655 -0.0176969531402 0.0477106043051 0.0194325158493 0.0468868122561 0.0203788225064 0.00888415822706 0.0123233314619 0.0438764758056 0.0360214213873 0.0119204032525 0.0276414742328 0.0657297960948 0.0127783160769 0.0812293511148 0.0407952429894 0.0490743100033 0.028312203673 0.0163220318906 0.0095825227885 -0.00385735602073 -0.00336636018877 0.0380377771167 0.0536085036893 -0.00902564394442 0.075945465976 0.0147703261851 0.0225315605953 0.0120473427347 0.0306200843122 0.0118172677401 0.0151728234473 0.0237356719929 0.0209778443085 0.00350313713507 0.00548085887357 1.00184349444 0.0178790414904 0.0490276135446 0.0338532041284 0.00740952726358 0.0120557015673 0.0158336192716 -0.00569804925901 0.0100562084253 
0.0117765108608 -0.0101679375663 0.0124720863608 0.00919018893004 -0.00709416108791 -0.00114194452337 -0.00763389145477 0.0103711019718 -0.00339768660418 0.00827315259247 0.00711985788586 0.0177981259617 0.00646641741208 0.000462483696653 0.0204821224409 0.0111624055902 0.00948098432864 0.0115002460972 -0.0165536617982 -0.0180042724796 -0.00436426067622 0.0217743229639 0.00612095208944 -0.00379622156417 0.0314309095162 0.0114247260736 0.0018319537224 0.00687288313778 0.00131080761642 0.0261299544215 -0.00663548992653 -0.00525064348826 0.0059900792859 -0.0139129659903 0.0261112043127 0.013558934054 0.00771166026668 0.00745304375609 0.0100633556746 0.00979865870348 -0.010167683874 0.0178790414904 0.353556678222 0.0111175688136 0.00927518210445 0.0112035551825 0.0117021329562 0.0118194181425 0.0320949511419 0.0129159750729 
0.0153377295566 -0.0330223939756 0.0447701438618 0.00978311870147 0.0090008517907 0.0177435376413 -0.0154631945618 0.0308704562618 0.0077765752433 0.0530678880352 0.00806981868367 0.0090433576216 0.0131842733552 0.0240467302894 0.0296829813429 0.0289733939839 0.0241885718426 0.0406883802624 -0.00861583391733 0.0372286887903 0.0110560233157 0.0752612656939 0.0111961602322 0.0105752816583 0.0290561285211 0.0141898973943 0.00929416977705 0.0304509241416 0.0342514360378 0.0237756944791 0.09597596117 0.0117956149149 0.024933582051 0.0575435343264 0.050433774242 0.0116950162908 0.0181606170279 0.0141929598277 0.0238682453415 0.0040678944874 0.0714958530952 0.0490276135446 0.0111175688136 0.451375992391 0.00884704485748 0.0270870585506 0.0367007595571 0.0362899573941 0.00171376290642 0.0142400357501 
0.00368542512545 -0.00125688336316 0.0340562284154 0.00650800732975 0.0158614675506 6.68267779377e-06 0.0116246629845 0.00725663701717 0.00357887331271 0.0204087981882 0.00845381476308 0.0145012073697 0.00481651169672 0.0138108681089 0.00984634431719 0.0132527342971 0.017167439657 0.0171095881096 0.00835681316378 -0.0130073623248 0.0125233923988 0.00666980460619 0.0144967026882 0.000469749119309 0.00636988173021 0.0198068124492 0.00381886240094 0.0252711130873 0.0136250280577 0.00191605483365 0.0205191422727 0.0161702164775 0.0164354823818 -0.00183607618143 0.0264123115078 0.0121147447545 0.0173218976787 0.0139213612313 0.0136692211688 0.0171468648208 -0.00494496829045 0.0338532041284 0.00927518210445 0.00884704485748 0.216654604601 0.0180733476852 0.019284087101 0.0109854402602 0.00929226074236 0.013711369306 
0.0132728029413 -0.000985203261046 0.00923104480642 0.0300278566461 0.0195321418465 0.0303006279675 -0.0143099872536 0.0207626899107 0.00404015837664 0.0113015882462 0.0228470754537 0.00919787012045 0.00945063045453 0.00983763820771 0.0116178037018 0.00802873687344 0.0118972117449 0.013450816677 0.005445288414 0.000558241587712 0.00573145002693 0.0159567052006 0.0114299563449 0.00755281967256 0.0235763796921 2.36213831533e-05 0.0169489867173 0.00592038247573 0.00262948635797 0.00185567437204 0.0116136786054 0.0240933170104 0.0068720666491 0.00214385417253 0.0240680635255 0.0462367773771 0.0075707696306 0.0160421595035 0.0100911397184 0.0454035682555 -0.000775895278366 0.00740952726358 0.0112035551825 0.0270870585506 0.0180733476852 0.203530295475 0.0186135024128 0.0202983130604 0.0143621484327 0.0231944684003 
0.0118621532021 -0.00854952078218 0.0301825749155 0.00899653582776 0.028982857776 0.0311977695797 -0.0192572851566 0.0149880961065 -0.00374441306636 0.0369102552688 0.012287237189 0.0179747448198 0.0110405329555 -0.0019123181544 0.0146244355235 -0.00343262986005 0.0148321690439 0.0215185079034 -0.00284357824841 0.00148254033233 0.0124155065541 0.0159037459716 0.0035466931296 0.00981260350979 0.0290636485722 0.0185503969592 0.00422918356869 0.0143695278732 0.0055510132177 0.00412895554573 0.0231963337692 0.0252139003824 0.0136625403947 0.00817462234604 0.0449385410342 0.0192752097381 0.00667686448871 0.019175426451 0.0146763469429 0.0243017904079 -0.00515835858799 0.0120557015673 0.0117021329562 0.0367007595571 0.019284087101 0.0186135024128 0.17820290036 0.00723093540283 0.0179876844997 0.00405589113685 
