50
0.0295384146509 0.0738036440579 0.0361599942098 0.0318751717172 0.0220203869342 0.0131635076039 0.0651633165571 0.022286409141 0.0314738433907 0.0307440439862 0.0707348977441 0.128413882411 0.0380288664812 0.0413167922229 0.0255121646837 0.0335346879574 0.0384738749472 0.0335319673985 0.0523918745475 0.163811268696 0.0646745186267 0.018453974145 0.0610020106181 0.0254946283421 0.0373994541978 0.0542920038725 0.251790956204 0.22311845274 0.0597278634654 0.0752984700253 0.0502759777883 0.022369934908 0.0115927538848 0.044891801276 0.105459344027 0.0852779749864 0.0383245101253 0.07971303899 0.0435638119902 0.0132097716294 0.0404531955786 0.0486664598358 0.0970140476379 0.0284224966367 0.129241945615 0.0613427887106 0.0572050688987 0.0267221777707 0.123248136701 0.0442318588416 
0.21332220961 0.00236427077145 0.0161116878352 0.0180135797348 0.0326849334907 0.0110026271905 0.00826771026536 0.00887280569935 0.0226805900245 0.0278932177828 0.00987977205601 0.00433788163661 0.0218367825726 0.0145342287313 0.0236762354365 0.00975400972338 0.010941701959 0.0195060697343 0.0121346581665 0.00134511839878 0.012737597628 0.00668710174886 0.0209088900631 0.0151937979429 0.0181906227291 0.0181611456027 0.00861441704148 0.00534459060374 0.0142481953191 0.0202659421431 0.0194661863934 0.0158424155259 0.021004358095 0.0255606391671 0.0252965158835 0.010020758339 0.0355693815506 0.00452891052255 0.0127003040636 0.00206351147248 0.00588952138024 0.00448049984556 0.0424445311674 0.0150319121789 0.00367266186367 0.000577986290937 0.0143043218567 0.0235701248952 0.0332229385184 0.0284684579378 
0.00236427077145 0.353080099215 0.0159400836697 0.0167504251081 0.00759458574304 0.0166172980329 0.0197767620966 0.00228040255082 0.0188060411972 0.0194871937958 -0.00522562373999 0.0161194094887 0.0217911132371 0.0425597031088 0.0170004177819 0.00367236591107 0.0121502949256 0.0114111980573 0.012144355976 0.00318312002618 0.000366579459478 0.00531544104876 0.0242528070763 0.0136937190791 0.021393916664 0.0159561088603 0.0417839737898 0.0430122840702 0.0255599713464 0.022030677846 0.00211280793792 0.0226081091187 0.00692634344992 0.025964385184 0.0275382006355 0.009344322415 0.0329924333111 0.0247110682608 0.00463173899535 0.012728707188 0.0421786924436 0.0058209935512 0.0417300580046 -0.00578604758685 0.0138392330779 0.013744955241 0.0142838142377 0.0162516314752 0.023287317898 0.0283629604351 
0.0161116878352 0.0159400836697 0.219904185491 0.0414946129543 -0.00304761897682 0.0486109886508 0.0605295434401 0.00873520755704 0.00470869761927 0.0157969085039 0.00660826831129 0.0435872277108 -0.0023311077526 0.0236804335532 0.00295275377767 0.0229830334395 -0.000546142940324 0.00805560788435 0.0133788525213 0.00456515560789 0.0144769039699 0.00278233085219 -0.00540196886077 0.0449000523451 0.0141529364625 0.0216736435225 0.00382999137175 0.023916365108 0.0074774792414 -0.000449428705895 0.0223164911498 0.015799440586 0.0167177015508 0.0125023685412 0.000658746350252 0.0273518119026 0.00959841160099 0.0246079208566 0.0155872044345 -0.000975602305778 0.00513171013619 0.012885895546 0.0209343698027 0.0185834714449 0.0222357954156 0.0227667786775 0.0148712645574 0.0429426731648 0.0208154408242 0.0244238391435 
0.0180135797348 0.0167504251081 0.0414946129543 0.177945885551 0.00657428166008 0.0404065149146 0.0378950683029 0.00315754851241 0.0133060256991 0.0195650086749 0.0175381818324 0.0142622038486 0.00223558807085 0.0159991089174 0.0209858298761 0.0136072889571 0.0119275203967 0.0129845122208 0.013824649987 0.00634706415304 0.00777680980458 0.00142503285092 0.000972457970941 0.0427347420378 0.00864564661236 0.0135803861298 0.00426351146739 0.000888001381882 0.00653083711276 0.0111118904331 0.0170912332255 0.0147068100456 0.000706187926765 0.0145487577032 0.0144496187456 0.0126912183225 -0.00300757448556 -0.000103020613352 0.0140912899244 0.0106127956877 0.0173109008876 0.0237747239711 0.0135098092608 0.0165606418946 0.0186457406667 0.0116668309436 0.00181956639812 0.0351393789752 0.00417185907039 0.0187907059652 
0.0326849334907 0.00759458574304 -0.00304761897682 0.00657428166008 0.224441016129 0.0139298268814 0.00481516980941 0.0081309253085 0.0158133693247 0.0144738721668 0.00235320922743 0.0143533607076 0.01169187177 0.00877399903656 0.0305082269253 0.0141418555502 0.0105322197595 0.0258911007332 0.0218843755134 -0.00160463523679 0.014286701337 0.0144112537667 0.0254477923179 0.00169177882375 0.014486475131 0.0192370523154 0.0183169749872 0.0337187732623 0.034339275982 0.0283753454316 0.0114404789116 0.0111454957366 0.0126236756376 0.0179531084525 0.0209695463148 0.0264842942799 0.0256296747661 0.0214636058143 0.0032648488575 0.0258865906923 0.0277217531613 0.0268479890563 0.0511479386107 0.0043558746812 -0.00203309258956 -0.00266574445509 0.0145023104632 0.0150540047215 0.0262012072225 0.0283119808825 
0.0110026271905 0.0166172980329 0.0486109886508 0.0404065149146 0.0139298268814 0.140558462816 0.0413206826208 0.00767257990244 0.00455914108226 0.0238080226069 0.0159689311664 0.0229776633586 -0.00150678238184 0.00952950566481 0.0152513050586 0.0140585738926 0.0133435589095 -0.000191006832561 0.0122014418894 -0.00365008136896 0.00723064864585 0.0177884871922 0.00424704838395 0.0413826714279 0.00918107840641 0.0258951119321 -0.00289258365194 0.0198139272578 -0.00183917581921 0.0103266224988 0.0239525849968 0.0109565201772 0.0123071479808 0.00292982801789 -0.000648616658299 0.00836633396013 0.000148493050988 0.00435479408801 0.0181788862421 0.00122478093908 -0.00467176697554 0.0163659972221 0.0102181967917 0.0105055054074 0.0187124231425 0.0101693613348 0.00400414177248 0.0327315866869 0.0180716499346 0.014274044625 
0.00826771026536 0.0197767620966 0.0605295434401 0.0378950683029 0.00481516980941 0.0413206826208 0.234568087515 0.00103520737542 0.00894426993775 0.00567694526109 0.0160206279754 0.0545485784984 0.00984779252603 0.0270126479378 0.0221372087718 0.0148028323068 0.00839702610066 0.0148997491453 0.0240299410299 -0.00751859905573 0.0495873419992 0.00810992791049 0.000846462201743 0.0468202427563 0.0112920709898 0.0146084558304 0.00316213734381 0.00538035404048 0.0195141205248 0.00658884207793 0.025311167398 0.00977259440639 0.00908825907188 0.0196972639758 0.00164567711202 0.0247851868948 -0.00111522949175 0.00192047912361 0.0222805328414 -0.00193748148196 0.00865472385782 0.0163568745878 0.0248666492113 0.00859788493289 0.0383063928354 0.0163385338211 0.00720502831826 0.0362603034581 0.0226226016639 0.0106731343618 
0.00887280569935 0.00228040255082 0.00873520755704 0.00315754851241 0.0081309253085 0.00767257990244 0.00103520737542 0.24671603882 0.00152197669094 0.00640338850378 0.000137048723612 0.016863533969 0.0159488997812 0.0043433035254 0.00144164660491 0.00670960914972 0.00175535106001 0.00563862596188 0.00938588677111 -0.0159934649114 0.00379051246683 -0.00530007992003 0.00418934248968 0.00500516234124 0.0187501090003 0.00870603020475 -0.00514132139833 -0.00578886601733 0.00797080859507 0.00352732058791 0.0104279604403 -0.000767370879499 -0.00374540856962 0.00702208820011 0.00230944297802 0.00407388662747 0.0156362362622 0.00429300898689 0.0033067768541 0.00465435028644 0.00419192583734 0.010451671628 0.0360410769279 -0.00431962758731 0.00315662201952 0.014610400122 0.00550151955781 0.0175667514805 0.00898860783057 0.00270923719094 
0.0226805900245 0.0188060411972 0.00470869761927 0.0133060256991 0.0158133693247 0.00455914108226 0.00894426993775 0.00152197669094 0.284274949221 0.0181950821383 0.00800457980429 0.0279358522181 0.0157717737468 0.0146040898287 0.0152580423244 0.00864662317922 0.00545246470439 0.0079137608016 0.000952447517331 0.0152203316743 0.0369061362887 0.000167172632519 0.0520892053292 0.00344176581117 0.0175159080143 0.0272650386067 0.00146158135285 0.00277466062497 0.00307623327488 0.0262574107943 0.00256247495619 0.0124969088179 0.0145267138178 0.0150056058791 0.0107534248446 -0.00690723600045 0.0134579849815 -0.00391389005033 0.00483161188698 0.0218130506384 0.0169016045781 0.00991455566091 0.0254046240392 0.0188802593398 -0.0120049440026 0.0148960523997 0.0162889874339 0.00348149360227 0.0208316683715 0.0266674783834 
0.0278932177828 0.0194871937958 0.0157969085039 0.0195650086749 0.0144738721668 0.0238080226069 0.00567694526109 0.00640338850378 0.0181950821383 0.228363862097 0.0167889769607 0.0294659568139 0.0192962324896 0.0305926880179 0.0217345542349 0.018044515443 0.018443472574 0.0248716636085 0.02477093236 0.000266366106784 0.0115256415268 0.00925228853773 0.0169952687999 0.0119022780357 0.0276282664854 0.0278220543058 0.0118877626029 0.0462160353334 0.00822983143793 0.0160759733103 0.0368375266367 0.0149436338659 0.0199095308316 0.0214430189643 0.025518142692 0.0171734567847 0.0268086735979 0.0172719683023 0.0260200486584 0.0205387294869 0.0268737171418 0.0297304993574 0.0561545432517 0.0162478236339 0.000279219103016 0.0068694000505 0.0124152153607 0.032717544775 0.0331377820574 0.0247900604557 
0.00987977205601 -0.00522562373999 0.00660826831129 0.0175381818324 0.00235320922743 0.0159689311664 0.0160206279754 0.000137048723613 0.00800457980429 0.0167889769607 0.27790336315 0.00666877471067 0.0135124904484 0.0168654323414 0.0238396788269 -0.00947658792748 0.017820306082 0.0155784273544 0.0252067185068 0.113880105603 0.00812433748318 -0.00275926704765 -0.00634149773538 0.0158938363705 -0.00819255566926 0.0109746485222 0.0578006382926 0.00801960157966 0.00663948306171 0.0136666160363 0.00198483436428 0.0117829180723 0.0104351537857 0.012765124862 0.00354990512334 -0.00435107335172 0.00449987593333 -0.00640693148459 0.0183440121647 0.0237367947441 0.00343503403193 0.0022906666784 0.0176315479728 0.00141261514394 0.0254133556016 0.010629164521 0.017505013423 0.0125710616261 0.0127859305218 0.0150832593021 
0.00433788163662 0.0161194094887 0.0435872277108 0.0142622038486 0.0143533607076 0.0229776633586 0.0545485784984 0.016863533969 0.0279358522181 0.0294659568139 0.00666877471067 0.480309516517 0.0279656489088 0.00808171971244 0.0085417832937 0.00796884065264 0.0358662556106 0.0264876378904 0.00260908598237 -0.00766323403896 0.0315288766981 0.0178060024599 0.0385565458515 0.0220322436362 0.0083483839066 0.0113508984176 0.10165083615 0.0402443360927 0.0439650341529 0.0189128018315 0.0216552035829 0.00666518177839 0.0129403837847 0.0356306286251 -0.00071808427361 0.00713928041497 0.0267308793683 0.0100598226258 0.00447129208371 0.00198400347043 0.0420015552159 0.0209403451815 0.0905165786768 0.00121930708513 0.0448905468359 0.0103648682851 0.0326070084755 0.0411367280255 0.0511545256652 0.0131476651998 
0.0218367825726 0.0217911132371 -0.00233110775261 0.00223558807085 0.01169187177 -0.00150678238184 0.00984779252603 0.0159488997812 0.0157717737468 0.0192962324896 0.0135124904484 0.0279656489088 0.324530954292 0.0157926938995 0.0105170606548 0.0173017604073 0.00488243750395 0.015174762763 0.0289392052765 0.00136859469302 0.0139865528499 0.0078498682523 0.0299599452617 0.00226885796187 0.0160195831714 0.0263382238247 0.0337305163107 0.0799481156008 0.0176901321644 0.0133045869136 0.0109452540892 0.019450723867 0.0184980943309 0.0202788162123 0.0303648794388 0.00260578978461 0.025409786222 -0.000678353899013 -0.00643054424602 0.0121178532943 0.0217547669441 0.000228359627412 0.045006715812 0.00883182889091 -0.014156361248 0.00975113174348 0.029265692056 0.00972917628517 0.0242761708325 0.0212478216532 
0.0145342287313 0.0425597031088 0.0236804335532 0.0159991089174 0.00877399903656 0.00952950566481 0.0270126479378 0.0043433035254 0.0146040898287 0.0305926880179 0.0168654323414 0.00808171971244 0.0157926938995 0.232560147207 0.0143812880282 0.0185844717644 0.0463384387942 0.0190791005081 0.03094812054 0.0181274425454 0.018846778225 0.00716027152644 0.00288023635524 0.00641893936916 0.0114899876471 0.0154217346985 0.0447502386598 0.0197213411321 0.00358165386642 0.0212230410737 0.0184514444723 0.0191950219023 0.0164189404265 0.0282025490676 -0.00351339163921 0.0431646490818 0.0107204679438 0.0345407221396 0.00888228716122 0.0123954464516 0.0209102090503 0.0152424638331 0.0271907679487 0.0191277093824 0.0344085132997 0.0104697770403 -0.00860644427467 0.0170990889028 0.0235576241542 0.0141717824524 
0.0236762354365 0.0170004177819 0.00295275377767 0.0209858298761 0.0305082269253 0.0152513050586 0.0221372087718 0.00144164660491 0.0152580423244 0.0217345542349 0.0238396788269 0.0085417832937 0.0105170606548 0.0143812880282 0.16048645754 -0.00335142782803 0.0101153812206 0.01281368984 0.00680037230329 0.0084604220968 0.0187897686828 0.0235278186499 -0.000651749033017 0.0161623071621 0.0109158601952 -0.00334828638662 -0.00258446970812 0.0164069395264 0.00470807374985 0.015655456227 0.00891098264995 0.0176426206513 0.00994177230733 0.0172578446863 0.0104942285564 0.0101599184751 0.0194801110151 0.00674525723939 0.013343305089 0.0112306178709 0.0111903123747 0.020727755011 0.0173655477401 0.010381704725 0.00286033821339 0.0199937311847 0.00990563388651 0.0167241712346 0.0220557082705 0.0230265394992 
0.00975400972338 0.00367236591107 0.0229830334395 0.0136072889571 0.0141418555502 0.0140585738926 0.0148028323068 0.00670960914972 0.00864662317922 0.018044515443 -0.00947658792748 0.00796884065264 0.0173017604073 0.0185844717644 -0.00335142782803 0.23620013327 0.0119208444026 0.00642965641505 0.00563265366036 0.00652047220963 -0.00259849636046 0.00478203690255 0.00897110954895 0.0160181705639 0.00697835862789 0.00636701269099 -0.00824552266854 0.00581545100031 0.00937922267485 0.0291875195685 0.0198377526037 0.0169252063832 0.0103206347067 0.00303868730934 0.0144439378148 0.0105617550295 0.0124787657862 -0.00610510737658 0.0187069294799 -0.00161923741666 0.00905580061228 0.0011428514485 0.0109180209526 0.0119562089015 0.00840711822259 0.0231500956349 0.0288326269541 0.0124322941135 0.0178620819177 0.0132495548958 
0.010941701959 0.0121502949256 -0.000546142940325 0.0119275203967 0.0105322197595 0.0133435589095 0.00839702610066 0.00175535106001 0.00545246470439 0.018443472574 0.017820306082 0.0358662556106 0.00488243750395 0.0463384387942 0.0101153812206 0.0119208444026 0.226647337467 0.00933257755002 0.0100515813331 0.0167533578112 0.00251260682798 0.00307558026089 0.00203586585274 0.0053804997031 0.00520634027688 0.00725465772529 0.0290063684339 0.00590725730034 0.021791088582 0.00565055215792 0.0143190811246 0.0206477824069 -3.16839951567e-05 0.0122856349433 0.0151907560415 0.0363420579393 -0.00877900630995 0.0146688363822 0.0116813088641 0.00802706130988 0.00482628998216 0.0160494919081 0.0172035429259 -0.00180245063149 0.0164016702125 0.00875046992839 0.0117431573677 0.0135600676538 0.0247582777838 -0.000859805493057 
0.0195060697343 0.0114111980573 0.00805560788435 0.0129845122208 0.0258911007332 -0.000191006832561 0.0148997491453 0.00563862596188 0.0079137608016 0.0248716636085 0.0155784273544 0.0264876378904 0.015174762763 0.0190791005081 0.01281368984 0.00642965641505 0.00933257755002 0.210477024578 0.0110217630301 -0.00434798508775 0.0202045965836 0.0113841339376 0.00448919249166 0.00362213955287 0.0258391599569 0.0255024177562 0.0401594123032 0.0448777377161 0.0330375794925 0.0253787436841 0.0265042274049 0.030100607987 0.0160789931122 0.0279995915909 0.025333639041 0.0346053753486 0.0165944419583 0.0230383854977 0.00553215808889 0.0102299773573 0.0300001735748 0.0100324015057 0.0594192100547 -5.11887750704e-05 0.0161711942383 -0.0048063345953 0.0285848408397 0.0103445141128 0.0265019882757 0.039788382051 
0.0121346581665 0.012144355976 0.0133788525213 0.013824649987 0.0218843755134 0.0122014418894 0.0240299410299 0.00938588677111 0.000952447517331 0.02477093236 0.0252067185068 0.00260908598237 0.0289392052765 0.03094812054 0.00680037230329 0.00563265366036 0.0100515813331 0.0110217630301 0.32400488865 0.0364177367576 0.0410836005437 0.0030442104187 -0.00831509326277 0.00904208836236 0.0209234602245 0.00629461220868 0.00316796512108 -0.00221316797053 0.012991891691 0.0219269607492 0.0146018804686 0.00692041502019 0.00843304839941 0.00612155786207 -0.00518789338335 0.11985140241 0.025227757776 0.063560174479 0.00574967237453 0.00644657994532 -7.3843073978e-05 0.013657483051 0.0276471644638 0.00377805886829 0.0142955270764 -0.000258875034112 0.0180817050349 0.00810084755368 0.0291790858836 0.0215699101142 
0.00134511839878 0.00318312002618 0.00456515560789 0.00634706415304 -0.00160463523679 -0.00365008136896 -0.00751859905573 -0.0159934649114 0.0152203316743 0.000266366106784 0.113880105603 -0.00766323403896 0.00136859469302 0.0181274425454 0.0084604220968 0.00652047220963 0.0167533578112 -0.00434798508775 0.0364177367576 1.36410864415 0.00875231718812 -0.00814843902123 0.00106689474677 -0.00411886433053 0.00055980980529 -0.00249844962998 0.0209893385926 -0.0132414447213 -0.0358281461376 0.00977840258335 -0.0104905621144 0.000194154659551 -0.00562871738774 0.0156266326345 0.00413654501001 0.0620883391993 -0.00835468820807 0.025852456458 -0.00946727624473 -0.00236057781342 0.000172505515764 0.00219363686412 0.0046577592289 -0.00356318533315 -0.00551652014403 0.00279786592661 0.0075070594711 0.00786170854223 -0.00704042375478 0.011191627411 
0.012737597628 0.000366579459479 0.0144769039699 0.00777680980458 0.014286701337 0.00723064864585 0.0495873419992 0.00379051246683 0.0369061362887 0.0115256415268 0.00812433748318 0.0315288766981 0.0139865528499 0.018846778225 0.0187897686828 -0.00259849636046 0.00251260682798 0.0202045965836 0.0410836005437 0.00875231718812 0.510909898235 -0.00144540844407 0.0469251918708 0.00989277583317 0.0229804815814 -0.00866161724208 0.0332248000439 0.0087788043761 0.000122524022106 -0.00291418789121 -0.00232271964111 0.00966689228179 0.00573368114545 0.0175587819906 0.0161990419872 0.0349121435167 0.0149552100604 -0.00385911391721 0.0202735864866 -0.00828363755397 0.00482462297017 0.00811981680619 0.0268751044478 -0.00709984383995 0.0152947779838 0.000171124779634 0.0161505088135 0.0134560935435 0.0269741141554 0.031471637967 
0.00668710174886 0.00531544104876 0.00278233085219 0.00142503285092 0.0144112537667 0.0177884871922 0.00810992791049 -0.00530007992003 0.000167172632519 0.00925228853773 -0.00275926704765 0.0178060024599 0.0078498682523 0.00716027152644 0.0235278186499 0.00478203690255 0.00307558026089 0.0113841339376 0.0030442104187 -0.00814843902123 -0.00144540844407 0.248624601048 0.00480876917326 0.000982939861943 0.0290433427535 0.0171322291431 0.0100675679673 0.0124969276963 0.0165356251581 0.0142918965204 -0.00888919516613 0.0115541040518 0.00859413915459 -0.00252819753951 0.0125230122116 0.0148666981679 0.0120926900884 0.0221671561955 0.01012495081 0.015713778602 0.00792746694944 -0.00324107552705 0.021196297517 0.00567039792737 -0.00421736301042 0.00551602287825 0.0132785528826 0.00522872020355 -0.00169715074155 0.000640421648706 
0.0209088900631 0.0242528070763 -0.00540196886077 0.000972457970941 0.0254477923179 0.00424704838395 0.000846462201743 0.00418934248968 0.0520892053292 0.0169952687999 -0.00634149773538 0.0385565458515 0.0299599452617 0.00288023635524 -0.000651749033017 0.00897110954895 0.00203586585274 0.00448919249166 -0.00831509326277 0.00106689474677 0.0469251918708 0.00480876917326 0.413489175503 0.00346498542816 0.0221006714952 0.0144593210449 0.00913147028286 0.0656428760668 0.0212397997786 0.0285901370134 0.0182551879321 -0.00705043593612 0.00707971594235 0.0137338073276 0.0165109818898 0.0198924015219 0.0277675026498 0.0201423492115 -0.00300516540776 0.0157238607456 0.00439509316759 0.0114477204085 0.0135851487441 0.00144514839862 0.0171569939236 0.011952895099 0.0206771662543 0.0137502798983 0.0237281031072 0.0449412577409 
0.0151937979429 0.0136937190791 0.0449000523451 0.0427347420378 0.00169177882375 0.0413826714279 0.0468202427563 0.00500516234124 0.00344176581117 0.0119022780357 0.0158938363705 0.0220322436362 0.00226885796187 0.00641893936916 0.0161623071621 0.0160181705639 0.0053804997031 0.00362213955287 0.00904208836236 -0.00411886433053 0.00989277583317 0.000982939861943 0.00346498542816 0.19024737703 0.00170196659563 0.0157486035655 0.0314784095157 0.0227105690369 0.00243545413232 0.00240550917 0.0072413509546 0.00721648369209 0.00901288771576 0.00478885360121 -0.00404780879753 0.0187573243726 0.00154221109629 0.00654911187058 0.00412816671148 0.00302550640483 0.00703371317437 0.00706348580475 0.0107830542921 0.0118411665774 0.0171202170985 0.00557941740269 0.0161981332235 0.0266952201645 0.0169651472874 0.0133558800976 
0.0181906227291 0.021393916664 0.0141529364625 0.00864564661236 0.014486475131 0.00918107840641 0.0112920709898 0.0187501090003 0.0175159080143 0.0276282664854 -0.00819255566926 0.0083483839066 0.0160195831714 0.0114899876471 0.0109158601952 0.00697835862789 0.00520634027688 0.0258391599569 0.0209234602245 0.00055980980529 0.0229804815814 0.0290433427535 0.0221006714952 0.00170196659563 0.314535354821 0.0100391802816 0.021308961342 0.030922574091 0.0276686867874 0.00914977749331 0.0160572893937 0.0337275287552 0.00738605938791 0.0392130966055 0.00569848767308 0.0226695229474 0.0228788462695 0.0213354834959 -0.00553434492586 0.0143469953427 0.0126094501086 0.0285278063107 0.0480827497495 0.00376123201439 0.0166882955423 0.00728229768024 0.0209661604845 0.017046930945 0.021570904118 0.0189675797274 
0.0181611456027 0.0159561088603 0.0216736435225 0.0135803861298 0.0192370523154 0.0258951119321 0.0146084558304 0.00870603020475 0.0272650386067 0.0278220543058 0.0109746485222 0.0113508984176 0.0263382238247 0.0154217346985 -0.00334828638662 0.00636701269099 0.00725465772529 0.0255024177562 0.00629461220868 -0.00249844962998 -0.00866161724208 0.0171322291431 0.0144593210449 0.0157486035655 0.0100391802816 0.280852457117 0.00650304204424 0.0200749278516 0.022539053446 0.0410147546048 0.011004780573 0.0209577156847 0.0204515710038 0.0289987904289 0.00563436305607 0.00286131518217 0.0224486589342 0.0199271692872 0.00380098444097 0.0110623602376 0.0078023570324 0.00851424301453 -0.00592506477242 0.00116267198184 0.02026820192 0.00880134649868 0.00630656901906 0.0223891030567 0.0120685314652 0.0165854313455 
0.00861441704148 0.0417839737898 0.00382999137175 0.00426351146739 0.0183169749872 -0.00289258365194 0.00316213734381 -0.00514132139833 0.00146158135285 0.0118877626029 0.0578006382926 0.10165083615 0.0337305163107 0.0447502386598 -0.00258446970812 -0.00824552266854 0.0290063684339 0.0401594123032 0.00316796512108 0.0209893385926 0.0332248000439 0.0100675679673 0.00913147028286 0.0314784095157 0.021308961342 0.00650304204424 2.07208897046 0.051899974222 0.0126589667888 0.0165006090549 -0.016834471485 0.0417804299988 0.00535902150572 0.0550934061619 0.0172015177296 0.00793828792427 0.0198134893463 0.0696115609622 0.0113581217238 0.0135970020903 0.0840965263872 0.00507034629752 0.046086999924 0.00841884999729 0.0617679516185 0.0128314114549 0.00660197798247 0.00645016526017 0.0289552227836 0.00468983842803 
0.00534459060374 0.0430122840702 0.023916365108 0.000888001381882 0.0337187732623 0.0198139272578 0.00538035404048 -0.00578886601733 0.00277466062497 0.0462160353334 0.00801960157966 0.0402443360927 0.0799481156008 0.0197213411321 0.0164069395264 0.00581545100031 0.00590725730034 0.0448777377161 -0.00221316797053 -0.0132414447213 0.0087788043761 0.0124969276963 0.0656428760668 0.0227105690369 0.030922574091 0.0200749278516 0.051899974222 0.910170957112 0.0182780530453 0.0316551989676 0.0299556243551 0.0296153445983 0.0162302156651 0.041252893955 0.0198766743131 0.00579123071147 0.0270508242875 0.0109033999736 0.00702187829058 0.0138462099365 0.0208139430132 0.0137123895552 0.0635477908937 0.00153446995728 0.0187126392921 0.00183189345268 0.0462623289373 0.0232583829139 0.0428508982608 0.0540957640649 
0.0142481953191 0.0255599713464 0.0074774792414 0.00653083711276 0.034339275982 -0.00183917581921 0.0195141205248 0.00797080859507 0.00307623327488 0.00822983143793 0.00663948306171 0.0439650341529 0.0176901321644 0.00358165386642 0.00470807374985 0.00937922267485 0.021791088582 0.0330375794925 0.012991891691 -0.0358281461376 0.000122524022106 0.0165356251581 0.0212397997786 0.00243545413232 0.0276686867874 0.022539053446 0.0126589667888 0.0182780530453 0.395200701938 0.056346008031 0.0201359345126 0.01927893094 0.00278947070469 0.00826466445037 0.0059572373343 0.0242364966795 0.0256538175415 0.00669936590345 0.00688910735627 0.0182972236074 0.0292428068929 0.0101357915901 0.020817288291 0.00438850834001 0.0245282075944 0.0163915403684 0.0306845549722 0.000591628477548 0.0744922154462 0.0187340347517 
0.0202659421431 0.022030677846 -0.000449428705896 0.0111118904331 0.0283753454316 0.0103266224988 0.00658884207793 0.00352732058791 0.0262574107943 0.0160759733103 0.0136666160363 0.0189128018315 0.0133045869136 0.0212230410737 0.015655456227 0.0291875195685 0.00565055215792 0.0253787436841 0.0219269607492 0.00977840258335 -0.00291418789121 0.0142918965204 0.0285901370134 0.00240550917 0.00914977749331 0.0410147546048 0.0165006090549 0.0316551989676 0.056346008031 0.48744855841 0.0157404172508 0.0137936365288 0.0173017684416 0.0144669301891 0.0324830605434 0.00664058336918 0.0388360634035 0.00673857455238 0.0119618967492 0.0175175954609 0.0243658982385 0.0236847125356 0.0656856464349 0.00791362002383 0.0257926643997 -0.00142704128734 0.0264100962635 0.0178541406569 0.0366796739064 0.0293821037934 
0.0194661863934 0.00211280793792 0.0223164911498 0.0170912332255 0.0114404789116 0.0239525849968 0.025311167398 0.0104279604403 0.00256247495619 0.0368375266367 0.00198483436428 0.0216552035829 0.0109452540892 0.0184514444723 0.00891098264995 0.0198377526037 0.0143190811246 0.0265042274049 0.0146018804686 -0.0104905621144 -0.00232271964111 -0.00888919516613 0.0182551879321 0.0072413509546 0.0160572893937 0.011004780573 -0.016834471485 0.0299556243551 0.0201359345126 0.0157404172508 0.262272771459 0.00968875616677 0.00989555329196 0.0210297238676 0.0153409091408 0.00773455785817 0.00562062881033 0.0056312259494 0.0199025098 -0.00198903700228 -0.00825781888278 0.0241682377031 0.033568063691 0.00865587581362 -0.0125193921336 0.0303400567996 0.0197717143638 0.0267023313415 0.000947780840996 0.0177111596737 
0.0158424155259 0.0226081091187 0.015799440586 0.0147068100456 0.0111454957366 0.0109565201772 0.00977259440639 -0.000767370879499 0.0124969088179 0.0149436338659 0.0117829180723 0.00666518177839 0.019450723867 0.0191950219023 0.0176426206513 0.0169252063832 0.0206477824069 0.030100607987 0.00692041502019 0.000194154659551 0.00966689228179 0.0115541040518 -0.00705043593612 0.00721648369209 0.0337275287552 0.0209577156847 0.0417804299988 0.0296153445983 0.01927893094 0.0137936365288 0.00968875616677 0.194204714862 0.0119851415773 0.019727734965 0.0454067155339 0.0113782482617 0.0172999353566 0.012011166665 0.00206295729143 0.0125368244447 0.0272150827956 0.01069689086 0.0587701519327 0.0106388610024 0.0221793008254 0.0148167715607 0.0231712568425 0.00341565138252 0.0261160994949 0.0161103264421 
0.021004358095 0.00692634344992 0.0167177015508 0.000706187926764 0.0126236756376 0.0123071479808 0.00908825907188 -0.00374540856962 0.0145267138178 0.0199095308316 0.0104351537857 0.0129403837847 0.0184980943309 0.0164189404265 0.00994177230733 0.0103206347067 -3.16839951571e-05 0.0160789931122 0.00843304839941 -0.00562871738774 0.00573368114545 0.00859413915459 0.00707971594235 0.00901288771576 0.00738605938791 0.0204515710038 0.00535902150572 0.0162302156651 0.00278947070469 0.0173017684416 0.00989555329196 0.0119851415773 0.140552861894 0.0175412522223 0.0105673201148 0.0175109302445 0.0228052167057 0.0158918775617 0.0109936651599 0.0166461640425 0.0012392398172 0.0110532673755 0.0209911563306 0.0113438119634 0.0114530671142 0.0108516400791 0.0246633344312 0.0190789165678 0.0120790899521 0.0222266781074 
0.0255606391671 0.025964385184 0.0125023685412 0.0145487577032 0.0179531084525 0.00292982801789 0.0196972639758 0.00702208820011 0.0150056058791 0.0214430189643 0.012765124862 0.0356306286251 0.0202788162123 0.0282025490676 0.0172578446863 0.00303868730934 0.0122856349433 0.0279995915909 0.00612155786207 0.0156266326345 0.0175587819906 -0.00252819753951 0.0137338073276 0.00478885360121 0.0392130966055 0.0289987904289 0.0550934061619 0.041252893955 0.00826466445037 0.0144669301892 0.0210297238676 0.019727734965 0.0175412522223 0.332812956808 0.0255336041845 0.0248259709033 0.020380134176 0.0243253681577 0.0180830778751 0.0095542579509 0.0223677020366 0.0160705788471 0.0390835352151 0.00862986820675 0.00738560363715 0.0240349412909 0.0238738422499 0.0297626849312 0.020865636567 0.0291457562821 
0.0252965158835 0.0275382006355 0.000658746350252 0.0144496187456 0.0209695463148 -0.000648616658299 0.00164567711202 0.00230944297802 0.0107534248446 0.025518142692 0.00354990512334 -0.00071808427361 0.0303648794388 -0.00351339163921 0.0104942285564 0.0144439378148 0.0151907560415 0.025333639041 -0.00518789338335 0.00413654501001 0.0161990419872 0.0125230122116 0.0165109818898 -0.00404780879753 0.00569848767308 0.00563436305607 0.0172015177296 0.0198766743131 0.0059572373343 0.0324830605434 0.0153409091408 0.0454067155339 0.0105673201148 0.0255336041845 0.753641039438 0.00186718128434 0.00888860558165 0.0164316295781 -0.00154231844718 0.0127488361566 0.0201638745147 0.00370937881083 0.0746897087162 0.0081783155577 0.0178280907178 0.0116661526688 0.0140398948007 0.0225420975407 0.0195016625144 0.0212198515776 
0.010020758339 0.009344322415 0.0273518119026 0.0126912183225 0.0264842942799 0.00836633396013 0.0247851868948 0.00407388662747 -0.00690723600045 0.0171734567847 -0.00435107335172 0.00713928041497 0.00260578978461 0.0431646490818 0.0101599184751 0.0105617550295 0.0363420579393 0.0346053753486 0.11985140241 0.0620883391993 0.0349121435167 0.0148666981679 0.0198924015219 0.0187573243726 0.0226695229474 0.00286131518217 0.00793828792427 0.00579123071147 0.0242364966795 0.00664058336918 0.00773455785817 0.0113782482617 0.0175109302445 0.0248259709033 0.00186718128434 0.359743613167 0.0217525563361 0.121326276962 0.0214774979104 0.0133052258548 0.0269139068101 0.00579975592261 0.029847505909 0.00378818227011 0.00664036127992 0.0267530569666 0.0236903569043 0.017310315115 0.0397221559244 0.0294418206568 
0.0355693815506 0.0329924333111 0.00959841160099 -0.00300757448556 0.0256296747661 0.000148493050988 -0.00111522949175 0.0156362362622 0.0134579849815 0.0268086735979 0.00449987593333 0.0267308793683 0.025409786222 0.0107204679438 0.0194801110151 0.0124787657862 -0.00877900630995 0.0165944419583 0.025227757776 -0.00835468820807 0.0149552100604 0.0120926900884 0.0277675026498 0.00154221109629 0.0228788462695 0.0224486589342 0.0198134893463 0.0270508242875 0.0256538175415 0.0388360634035 0.00562062881033 0.0172999353566 0.0228052167057 0.020380134176 0.00888860558165 0.0217525563361 0.327139811594 0.0284571382198 0.00957874438057 0.0103233858404 0.0313505913251 0.0225902145103 0.0654360588834 -0.000478104692319 -0.0161425371472 0.00693765136082 0.0112640236145 0.0255032680264 0.00948361481168 0.0112197841122 
0.00452891052255 0.0247110682608 0.0246079208566 -0.000103020613352 0.0214636058143 0.00435479408801 0.00192047912361 0.00429300898689 -0.00391389005033 0.0172719683023 -0.00640693148459 0.0100598226258 -0.000678353899013 0.0345407221396 0.00674525723939 -0.00610510737658 0.0146688363822 0.0230383854977 0.063560174479 0.025852456458 -0.00385911391721 0.0221671561955 0.0201423492115 0.00654911187058 0.0213354834959 0.0199271692872 0.0696115609622 0.0109033999736 0.00669936590345 0.00673857455238 0.0056312259494 0.012011166665 0.0158918775617 0.0243253681577 0.0164316295781 0.121326276962 0.0284571382198 0.473215863036 0.00316822704538 0.0106621042666 0.0284214825785 0.0159004032676 0.027422019351 0.000841918996901 0.0284390412613 0.00219632941235 0.0109973527543 0.00929028376819 0.0279750017447 0.0380331256804 
0.0127003040636 0.00463173899534 0.0155872044345 0.0140912899244 0.0032648488575 0.0181788862421 0.0222805328414 0.0033067768541 0.00483161188698 0.0260200486584 0.0183440121647 0.00447129208371 -0.00643054424602 0.00888228716122 0.013343305089 0.0187069294799 0.0116813088641 0.00553215808889 0.00574967237453 -0.00946727624473 0.0202735864866 0.01012495081 -0.00300516540776 0.00412816671147 -0.00553434492586 0.00380098444097 0.0113581217238 0.00702187829058 0.00688910735627 0.0119618967492 0.0199025098 0.00206295729143 0.0109936651599 0.0180830778751 -0.00154231844718 0.0214774979104 0.00957874438057 0.00316822704537 0.258591499789 0.00843052618717 0.00315477905128 0.0180853508565 0.0156209509205 0.0182683830874 0.0197019534754 0.0996976533234 0.0149506309371 0.0222556284287 0.0124365379259 0.00881139727091 
0.00206351147248 0.012728707188 -0.000975602305778 0.0106127956877 0.0258865906923 0.00122478093908 -0.00193748148196 0.00465435028644 0.0218130506384 0.0205387294869 0.0237367947441 0.00198400347043 0.0121178532943 0.0123954464516 0.0112306178709 -0.00161923741666 0.00802706130988 0.0102299773573 0.00644657994532 -0.00236057781342 -0.00828363755397 0.015713778602 0.0157238607456 0.00302550640483 0.0143469953427 0.0110623602376 0.0135970020903 0.0138462099365 0.0182972236074 0.0175175954609 -0.00198903700228 0.0125368244447 0.0166461640425 0.0095542579509 0.0127488361566 0.0133052258548 0.0103233858404 0.0106621042666 0.00843052618717 0.165812205277 0.0164880704669 0.0129936963694 0.0131563813128 0.00325802712851 0.00539501909192 0.0101593540798 0.0140620949741 -0.00505855472665 0.0126359938259 0.0257255433683 
0.00588952138024 0.0421786924436 0.00513171013619 0.0173109008876 0.0277217531613 -0.00467176697554 0.00865472385782 0.00419192583734 0.0169016045781 0.0268737171418 0.00343503403193 0.0420015552159 0.0217547669441 0.0209102090503 0.0111903123747 0.00905580061229 0.00482628998216 0.0300001735748 -7.38430739787e-05 0.000172505515764 0.00482462297017 0.00792746694944 0.00439509316759 0.00703371317437 0.0126094501086 0.0078023570324 0.0840965263872 0.0208139430132 0.0292428068929 0.0243658982385 -0.00825781888278 0.0272150827956 0.0012392398172 0.0223677020366 0.0201638745147 0.0269139068101 0.0313505913251 0.0284214825785 0.00315477905128 0.0164880704669 0.339994131764 0.018619112087 0.0459264861371 0.00540921650009 0.00601584902457 0.0217140631475 0.0312383895686 0.0227898468064 0.0224837507899 0.0407718501212 
0.00448049984556 0.0058209935512 0.012885895546 0.0237747239711 0.0268479890563 0.0163659972221 0.0163568745878 0.010451671628 0.00991455566091 0.0297304993574 0.0022906666784 0.0209403451815 0.000228359627412 0.0152424638331 0.020727755011 0.0011428514485 0.0160494919081 0.0100324015057 0.013657483051 0.00219363686412 0.00811981680619 -0.00324107552705 0.0114477204085 0.00706348580475 0.0285278063107 0.00851424301453 0.00507034629752 0.0137123895552 0.0101357915901 0.0236847125356 0.0241682377031 0.01069689086 0.0110532673755 0.0160705788471 0.00370937881083 0.00579975592261 0.0225902145103 0.0159004032676 0.0180853508565 0.0129936963694 0.018619112087 0.313138781138 0.00890954321034 0.00343242837537 0.0326709586993 0.010626645197 -0.00347114110226 0.0048134702946 0.00124442030434 0.0111085750408 
0.0424445311674 0.0417300580046 0.0209343698027 0.0135098092608 0.0511479386107 0.0102181967917 0.0248666492113 0.0360410769279 0.0254046240392 0.0561545432517 0.0176315479728 0.0905165786768 0.045006715812 0.0271907679487 0.0173655477401 0.0109180209526 0.0172035429259 0.0594192100547 0.0276471644638 0.0046577592289 0.0268751044478 0.021196297517 0.0135851487441 0.0107830542921 0.0480827497495 -0.00592506477242 0.046086999924 0.0635477908937 0.020817288291 0.0656856464349 0.033568063691 0.0587701519327 0.0209911563306 0.0390835352151 0.0746897087162 0.029847505909 0.0654360588834 0.027422019351 0.0156209509205 0.0131563813128 0.0459264861371 0.00890954321034 0.568485382076 -0.0031294951539 0.00337679603159 0.0157752398567 0.0471611293295 0.0312785254983 0.0594923662208 0.032634027964 
0.0150319121789 -0.00578604758685 0.0185834714449 0.0165606418946 0.0043558746812 0.0105055054074 0.00859788493289 -0.00431962758731 0.0188802593398 0.0162478236339 0.00141261514394 0.00121930708513 0.00883182889091 0.0191277093824 0.010381704725 0.0119562089015 -0.00180245063149 -5.11887750706e-05 0.00377805886829 -0.00356318533315 -0.00709984383995 0.00567039792737 0.00144514839862 0.0118411665774 0.00376123201439 0.00116267198184 0.00841884999729 0.00153446995728 0.00438850834001 0.00791362002383 0.00865587581362 0.0106388610024 0.0113438119634 0.00862986820675 0.0081783155577 0.00378818227011 -0.000478104692318 0.000841918996901 0.0182683830874 0.00325802712851 0.00540921650009 0.00343242837537 -0.0031294951539 0.19769464388 0.00417338636521 0.0200144923539 0.0158688045464 0.00730308590965 0.0154297619238 0.0103329821969 
0.00367266186367 0.0138392330779 0.0222357954156 0.0186457406667 -0.00203309258956 0.0187124231425 0.0383063928354 0.00315662201952 -0.0120049440026 0.000279219103016 0.0254133556016 0.0448905468359 -0.014156361248 0.0344085132997 0.00286033821339 0.00840711822259 0.0164016702125 0.0161711942383 0.0142955270764 -0.00551652014403 0.0152947779838 -0.00421736301042 0.0171569939236 0.0171202170985 0.0166882955423 0.02026820192 0.0617679516185 0.0187126392921 0.0245282075944 0.0257926643998 -0.0125193921336 0.0221793008254 0.0114530671142 0.00738560363715 0.0178280907178 0.00664036127992 -0.0161425371472 0.0284390412613 0.0197019534754 0.00539501909192 0.00601584902457 0.0326709586993 0.00337679603159 0.00417338636521 0.563084452493 0.0127384845793 0.0110805616115 0.0106186004548 0.00798210679975 0.01355231716 
0.000577986290937 0.013744955241 0.0227667786775 0.0116668309436 -0.00266574445509 0.0101693613348 0.0163385338211 0.014610400122 0.0148960523997 0.0068694000505 0.010629164521 0.0103648682851 0.00975113174348 0.0104697770403 0.0199937311847 0.0231500956349 0.00875046992839 -0.0048063345953 -0.000258875034112 0.00279786592661 0.000171124779634 0.00551602287825 0.011952895099 0.00557941740269 0.00728229768024 0.00880134649868 0.0128314114549 0.00183189345268 0.0163915403684 -0.00142704128734 0.0303400567996 0.0148167715607 0.0108516400791 0.0240349412909 0.0116661526688 0.0267530569666 0.00693765136082 0.00219632941235 0.0996976533234 0.0101593540798 0.0217140631475 0.010626645197 0.0157752398567 0.0200144923539 0.0127384845793 0.254819012552 0.0123889665637 0.0140835042401 0.0192557734966 0.014729326875 
0.0143043218567 0.0142838142377 0.0148712645574 0.00181956639812 0.0145023104632 0.00400414177248 0.00720502831826 0.00550151955781 0.0162889874339 0.0124152153607 0.017505013423 0.0326070084755 0.029265692056 -0.00860644427467 0.00990563388651 0.0288326269541 0.0117431573677 0.0285848408397 0.0180817050349 0.0075070594711 0.0161505088135 0.0132785528826 0.0206771662543 0.0161981332235 0.0209661604845 0.00630656901906 0.00660197798247 0.0462623289373 0.0306845549722 0.0264100962635 0.0197717143638 0.0231712568425 0.0246633344312 0.0238738422499 0.0140398948007 0.0236903569043 0.0112640236145 0.0109973527543 0.0149506309371 0.0140620949741 0.0312383895686 -0.00347114110226 0.0471611293295 0.0158688045464 0.0110805616115 0.0123889665637 0.256235465804 0.01840689649 0.0226021232498 0.0209352877239 
