50
0.0290232005544 0.0501483555771 0.0054327763703 0.0499472002084 0.478952808182 0.0664901393557 0.136312174374 0.0420146984796 0.0501755430095 0.0280903462606 0.0511846892664 0.0952892642352 0.0559384191954 0.0482651065397 0.107116270008 0.104903250727 0.110783759143 0.0502759777883 0.0486664598358 0.107238949757 0.0359279599811 0.0340754658053 0.0884893451388 0.0428749123775 0.0387981152642 0.0285995604788 0.0435638119902 0.0413167922229 0.0260517267587 0.0168064994581 0.0722101641432 0.0436219100546 0.0738036440579 0.0466521206007 0.0335346879574 0.0265193363437 0.126958151155 0.0399774891594 0.0218855159469 0.0770368317024 0.164482556217 0.018453974145 0.0267221777707 0.0711634289065 0.0654803135324 0.0396471392927 0.0646745186267 0.128222495688 0.0693656588129 0.0123991351417 
0.231249887813 0.0178320846649 0.0173990249049 0.0113603359108 -0.00960121455958 0.0184474552753 -0.0159835908307 0.0182417979785 0.0213089902802 0.0299015615425 -0.00164871425462 -0.0082339150236 -0.00381348784628 0.0106632330632 -0.00637706305988 0.00893985783152 0.0354178901173 0.0174057655359 0.0157138114213 0.0910973253581 -0.00289891834966 0.00341333581154 0.0159662769766 0.00600121531219 0.0242272233044 0.0408275223173 0.0156631119964 0.0123480193387 0.0141572547028 -0.00203987803335 0.00158504749916 0.0232194451652 0.0299474386499 0.0160967832753 0.0148707006989 0.0111638281099 0.00595700977148 0.00588698018673 0.00484697561013 0.00599146328129 -0.00706135288311 0.00668718209911 0.0134274886343 0.0242617721712 0.0172883973066 0.0172144733844 -0.00353104001207 0.0213895226698 0.0117536026548 0.0181917896399 
0.0178320846649 0.229191419954 0.0130131509158 0.0197279387149 -0.00891146522782 0.0161309639415 -0.00606116427235 0.00376837476804 0.0141342007709 0.0181732844188 0.0112915823123 0.0231191016115 0.0264326170551 0.0209169112602 0.0223967414631 0.045731281076 0.0266182438459 0.0296224707337 0.0137818706378 0.0324712479823 0.00115219073464 0.00918962909824 0.011082140272 0.0272639194407 0.0367107474764 0.0142410426817 0.00466356212203 0.0320615416623 0.0325702991148 0.0122092055303 0.0390496002358 0.0344564794659 0.03152997621 0.0108922450749 0.0121937849743 0.0114035706181 0.0345744497348 -0.00687244653062 0.0039815208867 0.0102781261967 0.134244043482 0.0103300387036 0.0205253563395 0.0125010396979 0.0248232365523 0.0103902421647 0.0252208527494 0.0276285156637 0.0133050660228 0.00187891558904 
0.0173990249049 0.0130131509158 0.183920062434 0.005801072597 0.00614641734723 0.013267221638 -0.00486458822689 0.0106726695116 0.0267586436563 0.00674967582152 0.0147618138378 0.00709919661335 0.0173665136081 0.0245036404388 0.00558943508364 0.0266544542683 0.0252396647505 0.0207497006844 0.00537673760502 0.00807778579135 0.00140821461969 0.0155277362244 0.0098665420893 0.0275566931146 -0.00496670948213 0.0125894508351 0.0026535153956 0.00824496789449 0.0177436361099 0.0139457300447 0.0120947325536 0.00310412057984 0.00449973949692 0.00925876765627 0.000599709368173 0.0141081246746 -0.00780701842403 0.00225177599186 0.0110691690709 0.0268972036572 0.003815708677 0.0124673003539 0.0139118154822 6.86305625599e-05 0.0249863397621 0.00411210419835 0.00377478017646 0.00572303074631 0.0204140456497 0.0218763046049 
0.0113603359108 0.0197279387149 0.005801072597 0.366698288922 0.0167489755513 0.0220724709462 -0.0123339599195 0.000268243765625 0.0103586708427 0.0203563025701 0.00112288336105 0.012459428251 0.0215874516342 0.0105750478885 0.0167171314353 0.0116028987477 0.0336568413175 0.0121210693441 0.00571223420502 0.0276224602528 -0.00028666683466 0.00663714628715 0.0384880355769 0.0131787099033 0.0118227848105 0.000945179466278 0.0109096790776 0.020912449952 0.00719532952815 0.0175994671137 0.00583062973708 0.0242269114475 0.0087301053735 -0.0024501657939 0.00857157148041 -0.000344058997043 0.0197623850436 0.0130224719465 0.0108352299137 0.0264890719711 0.0103480131685 0.00748197085693 0.0102682316696 0.0213919226482 0.00319491894834 0.00563418851675 0.0222057939505 0.0179957521112 0.00635424290127 0.0158327622199 
-0.00960121455958 -0.00891146522782 0.00614641734723 0.0167489755513 5.23220890878 0.0212182696873 0.0066423381908 0.000287087694407 0.0280603350253 -0.0159733107904 0.00705800813221 -0.00921106846008 0.0139517356309 0.0551263655945 0.0261115566172 -0.0148932660082 -0.00529356603959 -0.0273524195449 -0.00996072208338 0.0201757630261 -0.00395965808098 -0.00136462450524 0.0783834939243 -0.0430610512172 -0.00560510256258 -0.0172085890644 -0.00640724502994 -0.00335387043699 -0.0132285843835 -0.0027890222002 0.017063055219 -0.0289348016444 -0.0103693646911 0.0182360275185 0.0122556927769 -0.00832358018407 0.0314578349126 0.00187189536713 -0.0132560792365 -0.0010199532483 0.000877963929251 -0.00850644728479 -0.00643821213558 0.0035347842572 0.0581420344364 -0.000664383048961 -0.00591541090405 0.00489923192641 0.209020686509 -0.0137670885929 
0.0184474552753 0.0161309639415 0.013267221638 0.0220724709462 0.0212182696873 0.355703420936 -0.00776510803858 0.0228355560279 0.0149614724219 0.0575985306105 -0.0198114004846 0.0198919295917 0.0204140898692 0.0251721234373 0.016938809401 0.0306888535789 0.0294334752859 0.0302766302293 0.0208322330364 0.0374764786951 0.00922386695351 0.0287572619404 0.0300820897073 0.0252309406709 0.0274890659555 0.0478141106707 0.03415824859 0.0396387112564 0.0114461920253 0.0207526360872 0.0243974159797 0.0414885245344 0.0150633804815 0.031518403624 0.0208031486543 0.00287038429505 0.0178810217886 0.0135100901861 0.0140550809812 0.000303774208754 -0.0139500567196 0.0202500322315 0.0293448943684 0.0014283029578 0.0478053447237 0.01846382941 0.0405430052074 0.0641197649636 0.0316695295352 0.0194558704312 
-0.0159835908307 -0.00606116427235 -0.00486458822689 -0.0123339599195 0.0066423381908 -0.00776510803858 1.94223482934 0.00575268848944 -0.0123074681644 -0.00410354943542 -0.0205770148051 -0.00241898573206 -0.00602785956175 0.000679286492949 -7.44797897831e-06 -0.00799422283698 -0.00455420569888 -0.00795697109373 -0.0166086710734 -0.0120190079443 0.0176600366885 -0.00787469925353 -0.00939716088913 -0.00213810834728 -0.0155318966732 -0.0114618604793 -0.00903657290966 0.000763629909345 -0.00636500964931 -0.0138334480007 -0.00979778398205 -0.0154028846021 -0.0167003620836 -0.00384374304591 -0.0112163784811 -0.00417105730273 0.00324479029333 0.00403847326321 0.00166931901988 -0.00946751781997 0.00110665309863 -0.00906349146819 0.00272790641101 -0.00356541249051 -0.011221766736 0.00371348725282 -0.0063194235937 -0.019229583174 -0.0239257586566 -0.00596416971618 
0.0182417979785 0.00376837476804 0.0106726695116 0.000268243765626 0.000287087694407 0.0228355560279 0.00575268848944 0.206835769736 0.0154239197285 0.0141378963195 -4.10887949416e-05 0.0198574534675 0.00765860282054 0.0193816351757 0.0259409521176 0.0380646725129 0.0322895652545 0.0221054032609 0.0156747189455 0.00780829020098 0.0239963056643 0.0180384741109 0.033560014094 0.0111686317975 0.0122445063236 0.00780923454231 0.0370418295599 0.00220709388427 0.0058316930613 0.0125288738516 0.0290983732459 0.0147713075066 0.0232580625865 0.0325360555119 -0.000256797845776 0.0198938603317 0.0531337532603 0.00804634485604 -0.00503211509829 0.0174322827043 -0.00143881213569 -0.00159748916657 0.0260943871053 0.0068079516124 0.0110281127729 0.0317797582803 0.0240830299212 0.0264197572588 0.0151458003756 0.0119367302847 
0.0213089902802 0.0141342007709 0.0267586436563 0.0103586708427 0.0280603350253 0.0149614724219 -0.0123074681644 0.0154239197285 0.315706027633 0.00872802031001 0.0128493274926 -0.000716570311087 0.0376518515604 0.011932787022 0.0295335076961 0.0378627170458 0.0250027765822 0.0109492510469 0.00073161515002 0.0142970978624 0.0188870394461 0.0110317137005 0.00946161039837 0.0200275329739 0.0236768999978 0.0151441184098 -0.000230098712012 0.016551054666 0.0260738480787 -0.000725257614886 0.0187605796717 0.0169020320194 0.0422206403521 0.0127560990579 0.0168289310631 0.0101299355158 0.011000095155 0.00328025171875 0.00718005555873 0.0124642528296 0.020970463872 0.00921660497114 0.0121714239064 0.0292456003927 0.0288919813291 0.00841322347697 0.0165579613218 0.0139981404352 0.0144865876165 0.00925695226207 
0.0299015615425 0.0181732844188 0.00674967582152 0.0203563025701 -0.0159733107904 0.0575985306105 -0.00410354943542 0.0141378963195 0.00872802031001 0.241112012152 0.0023726515675 0.0169743973449 0.00624542567332 -0.00238430324947 0.0224168112655 0.0163619981871 0.0387012146891 0.0143412367007 -0.00148894671575 0.0487060225768 0.00803805937601 0.0185860604331 0.0270738578532 0.0289591223312 0.0209170285552 0.0385387230174 0.018096883256 0.0141764225976 0.018569928594 0.0101196074102 0.015326290638 0.0678424655687 0.0144751982934 0.0119970603329 0.00253555082156 0.0230532211338 -0.00521475935026 0.00505796086181 0.00205693569174 0.00726886122236 -0.00820824624613 0.0194718168404 0.013544312078 0.00645868745638 -0.000331410732609 0.022018070313 0.0112793922464 0.0354842131672 0.0267365351759 -0.000417700471405 
-0.00164871425462 0.0112915823123 0.0147618138378 0.00112288336105 0.00705800813221 -0.0198114004846 -0.0205770148051 -4.10887949373e-05 0.0128493274926 0.0023726515675 0.332372523016 0.00507348200397 0.018252103402 0.0185945643822 0.0293952796177 0.0529523609756 0.0335266612017 -0.00305316285423 0.0163338490208 0.0229530364646 0.0118760108436 0.0076645278545 0.00910585628747 -0.0103312215176 0.015644900871 -0.00395094362312 0.000237147011768 0.000162313488014 0.0101904071043 0.00546095524726 0.0146527765541 0.0353041366613 0.0173657817875 -0.00606008392001 -0.00835332086121 0.0180073168764 0.0117242671218 -0.00110221664542 0.0137646187343 0.0114091413586 -0.00142831754627 0.0218543401332 0.0130069101731 0.0111399294118 0.0472437321429 0.00162086877402 0.0249245054748 0.0515441050197 0.0172296723766 0.00281185503867 
-0.0082339150236 0.0231191016115 0.00709919661335 0.012459428251 -0.00921106846008 0.0198919295917 -0.00241898573206 0.0198574534675 -0.000716570311086 0.0169743973449 0.00507348200397 0.509576645035 0.0155755398899 0.0124923399912 0.0287834222365 0.0281805680123 0.0126744942983 0.00351677211052 0.00607727946932 0.0306827692387 0.0408453867418 0.00674892393995 0.00729871262389 0.00405770898331 0.0205044777212 0.0170939682665 0.000982489954235 0.025567398345 0.0182489000126 0.0218885671594 0.0301359469843 0.00708062332054 0.0391728105997 0.0113906090357 0.0279786430908 0.0224746126882 0.00241602178017 -0.0242331241592 -0.00702219720134 0.00706819780357 -0.00922738112871 0.00786836838064 0.0158390247002 -0.0111126709921 0.022995332285 0.01170948858 -0.00269881756406 -0.000895700652972 0.000244642498005 0.00190506381846 
-0.00381348784628 0.0264326170551 0.0173665136081 0.0215874516342 0.0139517356309 0.0204140898691 -0.00602785956175 0.00765860282054 0.0376518515604 0.00624542567332 0.018252103402 0.0155755398899 0.230648914728 0.0208686784556 0.0288805185488 0.0387541563694 0.0341529145222 0.0148697230074 0.0121801012521 0.0222545923936 0.0176144272971 0.00753048201664 0.0225216576547 0.0148179757498 0.00684431724108 0.0193235641238 0.00366275670123 0.00885380269538 0.00726336228075 0.0155703300189 0.0169615252453 0.0197500313757 0.0121193834331 0.0168539221003 0.0082190785758 0.00885858345071 -0.00806385164634 -0.0135147410814 0.00919703484631 0.0207985529794 -0.000291505031882 0.000231467628686 0.00546616240584 0.00413355982749 0.0138809312419 0.00308704001561 0.00237590437721 0.0250943032543 0.0337685073706 0.0178450429571 
0.0106632330632 0.0209169112602 0.0245036404388 0.0105750478885 0.0551263655945 0.0251721234373 0.000679286492949 0.0193816351757 0.011932787022 -0.00238430324947 0.0185945643822 0.0124923399912 0.0208686784556 0.291044867668 0.0384123829962 0.0360611829 0.049393110889 0.00725342180721 0.0105125175791 0.0182587711146 0.0165329417478 0.00626607759168 0.0217483582386 0.0291045595941 0.017096899443 0.0451891679159 0.0132510615756 0.0116845544454 0.0210290535339 0.025509354858 0.0174069689331 0.0121157022682 0.0171783528582 0.0104242547717 0.0183067875177 0.00942547065021 0.00168019936371 -0.0108469339354 0.0259248871441 0.000761871219869 0.00430067318568 0.0161024318094 0.0190979271315 -0.00113135370733 0.0337900974449 0.0100829915119 0.0149607889075 0.0416451242636 0.0416473101365 0.0308536795268 
-0.00637706305988 0.0223967414631 0.00558943508364 0.0167171314353 0.0261115566172 0.016938809401 -7.44797897815e-06 0.0259409521176 0.0295335076961 0.0224168112655 0.0293952796177 0.0287834222365 0.0288805185488 0.0384123829962 0.522983804075 0.0544674647796 0.12820278009 0.0125461365322 0.000479347778837 0.0534730377809 0.0282488543764 0.011778335576 0.0484426017166 0.0406145420273 0.058103193123 -0.0118940936122 0.00260037527838 0.0190644269352 0.0392109125967 0.00536270692541 0.06097478296 0.0239823328847 0.0393993636019 0.00394962569999 0.00962822272273 0.0273814774968 0.0297583750622 -0.0135222645452 0.00233601829257 0.032002593693 -0.00751747662434 0.00270261916095 0.0195977774545 0.0121643993963 0.0297936603972 0.018985688645 0.0191743411911 0.0695440616567 0.0244180723001 0.0144298075209 
0.00893985783153 0.045731281076 0.0266544542683 0.0116028987477 -0.0148932660082 0.0306888535789 -0.00799422283698 0.0380646725129 0.0378627170458 0.0163619981871 0.0529523609756 0.0281805680123 0.0387541563694 0.0360611829 0.0544674647796 0.459567836996 0.0787727299913 0.0165346311742 0.0215429481654 0.0480705683791 0.0166448174413 0.00918902487412 0.0312072775248 0.0185999029856 0.0321231140238 0.0350967520536 0.0172172587034 0.024215935845 0.0405614579033 0.0109947392004 0.0270816838457 0.0444684372332 0.0128531068625 -0.00228335247008 -0.0010214410741 0.0318725632822 0.028801201332 -0.00271763216335 0.000224774542102 0.0319139471902 0.00309013764956 0.0200849704146 0.0216135188748 0.021179511635 0.050034561492 0.000918563927918 0.0144219363109 0.0500216029864 0.0119260063878 0.0134527325987 
0.0354178901173 0.0266182438459 0.0252396647505 0.0336568413175 -0.00529356603959 0.0294334752859 -0.00455420569888 0.0322895652545 0.0250027765822 0.0387012146891 0.0335266612017 0.0126744942983 0.0341529145222 0.049393110889 0.12820278009 0.0787727299913 0.460485049752 0.0402856703803 0.021430243306 0.0668944599015 0.0183667146051 -0.000797494757662 0.0446088062338 0.0244140727169 0.0371555080968 0.0156414980654 0.0208328060737 0.0143502269332 0.0324955321337 0.0326774670863 0.0404480373817 0.0514031605769 0.041143536996 0.0142069915662 0.0577155444199 0.0184638503013 0.0391399752454 0.0577401346421 -0.00328647313433 0.0268229806045 0.0146863234527 0.000316005899157 0.0201095780613 0.015585259872 0.0373365530624 0.0194911681257 0.0134784706925 0.047202911436 0.0121595117576 0.00836041123881 
0.0174057655359 0.0296224707337 0.0207497006844 0.0121210693441 -0.0273524195449 0.0302766302293 -0.00795697109373 0.0221054032609 0.0109492510469 0.0143412367007 -0.00305316285424 0.00351677211052 0.0148697230074 0.00725342180722 0.0125461365322 0.0165346311742 0.0402856703803 0.261959830244 0.0220662492441 0.0281301365387 0.0053129145763 -0.0036979325859 0.00253002636117 0.0220871273625 0.010586768303 0.000245725391704 0.0205166276466 0.0148860094443 0.0211572038706 0.00923333609933 0.0137728062144 0.0105444630402 -0.0026654452505 0.0260548531105 0.0201270479511 0.0101879957982 0.0186554632723 0.00478894278403 0.00733700736502 0.0135737920994 -0.00681016787798 -0.00827814077677 0.0282020063334 -0.0111363623847 0.0131495398607 0.0197966547139 -0.00299869838881 0.036017118234 0.0132648511042 0.0167342038559 
0.0157138114213 0.0137818706378 0.00537673760502 0.00571223420502 -0.00996072208338 0.0208322330364 -0.0166086710734 0.0156747189455 0.000731615150028 -0.00148894671575 0.0163338490209 0.00607727946932 0.0121801012521 0.010512517579 0.000479347778837 0.0215429481654 0.021430243306 0.0220662492441 0.313190154533 0.0139371006046 0.0128702268403 0.00949503419523 0.021397410973 0.024070070416 0.0152911362336 0.00389263717585 0.0174465782937 0.0184662313001 0.0293150406025 0.012107258982 0.00837986661177 0.0319286174328 0.00620611682095 0.0282446872831 0.00122043597187 -0.000470825899137 0.00255951008 0.00234285953623 0.00626266199722 0.0200009800082 0.0105500133713 -0.00218729335987 0.00647177852043 0.00352490371467 0.0287889667747 0.0145561482578 0.0105370800073 0.0135401436755 0.00427330638953 0.0110913322368 
0.0910973253581 0.0324712479823 0.00807778579134 0.0276224602528 0.0201757630261 0.0374764786951 -0.0120190079443 0.00780829020097 0.0142970978624 0.0487060225768 0.0229530364646 0.0306827692387 0.0222545923936 0.0182587711146 0.0534730377809 0.0480705683791 0.0668944599015 0.0281301365387 0.0139371006046 0.459579138889 0.0121667062226 0.00172591415484 0.0319102002726 0.0230086526549 0.0635255961822 0.0206905500021 0.0107018223885 0.0112480551006 0.0525229400319 0.010375013907 0.0504288525855 0.0398505318967 0.0485450799783 -0.000482876435498 0.0088545932859 0.00291473802367 0.0162494990377 -0.0226343512314 0.0147581054983 0.0127471268184 0.00893621877919 0.00485360452057 0.0151004623252 0.0160465243077 0.0259570428582 0.017962135088 0.0387058266422 0.0331419300976 0.0133795991145 0.0177399408027 
-0.00289891834966 0.00115219073464 0.00140821461969 -0.00028666683466 -0.00395965808098 0.00922386695351 0.0176600366885 0.0239963056643 0.0188870394461 0.00803805937601 0.0118760108436 0.0408453867418 0.0176144272971 0.0165329417478 0.0282488543764 0.0166448174413 0.0183667146051 0.0053129145763 0.0128702268403 0.0121667062226 0.227804542962 0.00850754400655 0.0223831527774 0.0155444319813 0.0156608150943 0.00615964195162 0.0216942197016 -0.00060326358682 0.0119981592974 0.00756065339494 0.0251051643456 0.0401832149587 0.0151676553494 0.0220103278718 0.00408587658936 0.0150922854003 0.0118005507327 0.00795482236635 0.00590932298778 0.0146940513592 -0.0113159251438 0.00318853990199 0.0201747632211 -0.00433197230986 0.0122957060953 0.0158047971002 -0.0218022795595 0.0281083048458 0.0113313101273 -0.00493251797619 
0.00341333581155 0.00918962909824 0.0155277362244 0.00663714628714 -0.00136462450524 0.0287572619404 -0.00787469925353 0.0180384741109 0.0110317137005 0.0185860604331 0.0076645278545 0.00674892393995 0.00753048201664 0.00626607759167 0.011778335576 0.00918902487412 -0.000797494757662 -0.0036979325859 0.00949503419523 0.00172591415484 0.00850754400655 0.184702269179 0.0056692599132 0.00776203753787 0.00593333305636 0.00584266180407 0.0112835687726 0.00497659440958 0.00597477807448 0.00232702433454 0.00925573614149 -0.00210333277984 0.00236034446277 0.00964353926348 0.00865577929281 -0.000282508791527 0.0209754889684 -0.00412015318937 0.0218643705118 -0.0017876597555 -0.00388315883935 0.0138856002174 0.00956001640245 -0.00031214263291 0.0118850558064 0.0180550606143 0.00778411298315 0.0127122777272 0.00797970130412 0.00163014770971 
0.0159662769766 0.011082140272 0.0098665420893 0.0384880355769 0.0783834939243 0.0300820897073 -0.00939716088913 0.033560014094 0.00946161039836 0.0270738578532 0.00910585628747 0.00729871262389 0.0225216576547 0.0217483582386 0.0484426017166 0.0312072775248 0.0446088062338 0.00253002636117 0.021397410973 0.0319102002726 0.0223831527774 0.00566925991319 0.477676901816 0.0220105134225 -0.00493241146126 0.0195473201605 0.00326456744159 0.0273557437527 0.0102531119436 0.00676553646972 0.0135404035295 0.0150445097943 0.00976686696359 -0.0010215391424 0.0159589709625 0.0148092658547 0.00773757072294 -0.00465877071357 0.00605247287436 0.0243733380172 0.0024565917463 0.0120053646076 0.0129024316553 0.0105268683075 0.0136902350125 0.0163895051703 0.00931614080011 0.0464684678149 0.0070313479398 0.00836597256986 
0.00600121531219 0.0272639194406 0.0275566931147 0.0131787099033 -0.0430610512172 0.0252309406709 -0.00213810834728 0.0111686317975 0.0200275329739 0.0289591223312 -0.0103312215176 0.00405770898331 0.0148179757498 0.0291045595941 0.0406145420273 0.0185999029856 0.0244140727169 0.0220871273625 0.024070070416 0.0230086526549 0.0155444319813 0.00776203753787 0.0220105134225 0.25077640552 0.0221594030441 0.0129668920033 0.00973517539029 0.0151908510044 0.00177036797687 0.0119014678243 0.0299963013345 0.0381281591048 0.0151487442926 0.0147706004871 -0.000135685094274 0.0119662375844 0.0142189646212 0.00496236473758 0.000476138136722 0.00977647383175 0.00977605850567 0.00151216685999 0.0165964603494 0.00501229731146 0.0430413858404 0.0177053778794 0.0223055345385 0.0252833664701 0.0185544934742 0.0334661826696 
0.0242272233044 0.0367107474764 -0.00496670948212 0.0118227848105 -0.00560510256258 0.0274890659555 -0.0155318966732 0.0122445063236 0.0236768999978 0.0209170285552 0.015644900871 0.0205044777212 0.00684431724109 0.017096899443 0.058103193123 0.0321231140238 0.0371555080968 0.010586768303 0.0152911362336 0.0635255961822 0.0156608150943 0.00593333305636 -0.00493241146127 0.0221594030441 0.209714419796 0.00854117177278 5.24020133733e-05 0.0230364248851 0.0187323370447 -0.000856918082423 0.0236202917284 0.0474279338869 0.0363324612843 0.0204520835561 0.00536881479805 0.0308552170564 0.0266914411721 -0.00828973561817 0.0140579349617 0.00170769418112 0.00188644364681 0.0186511132953 0.0200054219835 0.0152938689516 0.0281901941997 0.0187293247759 0.0189940690477 0.0348912938726 0.00372906635402 0.00694328625385 
0.0408275223172 0.0142410426817 0.0125894508351 0.000945179466278 -0.0172085890644 0.0478141106707 -0.0114618604793 0.0078092345423 0.0151441184098 0.0385387230174 -0.00395094362312 0.0170939682665 0.0193235641238 0.0451891679159 -0.0118940936122 0.0350967520536 0.0156414980654 0.000245725391705 0.00389263717587 0.0206905500022 0.00615964195162 0.00584266180407 0.0195473201605 0.0129668920033 0.00854117177277 0.274543178112 -0.00453295542024 0.00948979617668 0.0120583755634 0.0177806715696 0.0256184162304 0.0261522944408 0.011448292453 0.0134504429465 0.00215523752183 0.0177278910594 -0.00800104648138 0.0157309194714 0.0140905796834 -0.00263654832528 -0.00849450739439 0.0186286476895 0.0185593941167 0.0127648172712 0.00922157698379 0.00857611698151 0.026027607888 0.0287233959191 0.0274005796829 0.0163700216794 
0.0156631119964 0.00466356212203 0.0026535153956 0.0109096790776 -0.00640724502994 0.03415824859 -0.00903657290966 0.0370418295599 -0.000230098712013 0.018096883256 0.000237147011765 0.000982489954236 0.00366275670123 0.0132510615756 0.00260037527838 0.0172172587034 0.0208328060737 0.0205166276466 0.0174465782937 0.0107018223885 0.0216942197016 0.0112835687726 0.00326456744159 0.00973517539029 5.24020133732e-05 -0.00453295542023 0.271212150672 0.0126136967 0.00197728987027 0.0109579488852 -0.00706473467467 0.00637873648064 0.00457849730113 0.0396181928957 0.0179549358302 0.00311272672287 0.0148983189824 0.0229982837163 0.00722443591931 -0.000670505832828 0.00924804879052 0.00955297941382 0.01968284054 0.00956556709059 -0.000776223931605 0.0234816143853 0.0196461946663 0.0256183614701 0.00542074413008 0.0126757225691 
0.0123480193387 0.0320615416623 0.00824496789449 0.020912449952 -0.00335387043699 0.0396387112564 0.000763629909345 0.00220709388427 0.016551054666 0.0141764225976 0.000162313488013 0.025567398345 0.00885380269538 0.0116845544454 0.0190644269352 0.024215935845 0.0143502269332 0.0148860094443 0.0184662313001 0.0112480551006 -0.000603263586819 0.00497659440959 0.0273557437527 0.0151908510044 0.0230364248851 0.00948979617668 0.0126136967 0.244124681247 0.016658782366 0.00560037401508 0.0110781957391 0.0162677243598 0.0434323087795 0.0179995281674 0.0171272351036 0.00769130003385 0.0200632443139 0.0076896025523 0.0105974480402 0.0119019823816 -0.00349343737134 0.00648403466271 0.0187388937357 0.033342172514 0.0174563610263 0.0306968709156 0.0221739569416 0.0287994439761 0.0205712355821 0.0259432164316 
0.0141572547028 0.0325702991148 0.01774363611 0.00719532952815 -0.0132285843835 0.0114461920253 -0.00636500964931 0.00583169306132 0.0260738480787 0.018569928594 0.0101904071043 0.0182489000125 0.00726336228076 0.0210290535339 0.0392109125967 0.0405614579033 0.0324955321337 0.0211572038706 0.0293150406025 0.0525229400319 0.0119981592974 0.00597477807447 0.0102531119436 0.00177036797687 0.0187323370447 0.0120583755634 0.00197728987027 0.0166587823661 0.172012802577 -0.00257062113719 0.0363580405793 0.00897544063194 0.0353346197501 0.0206712996371 0.000966102351655 0.00791960476598 0.00957768326492 0.00156176980137 0.0139287914929 0.00391772497314 0.0276671438275 0.0195118638335 0.0089736405218 0.0120594120051 0.0283073951565 0.00374606525238 -0.0131406960606 0.0254290007543 0.0192913970745 0.00532004791492 
-0.00203987803335 0.0122092055303 0.0139457300447 0.0175994671137 -0.0027890222002 0.0207526360872 -0.0138334480007 0.0125288738516 -0.000725257614888 0.0101196074102 0.00546095524726 0.0218885671594 0.0155703300189 0.025509354858 0.00536270692541 0.0109947392004 0.0326774670863 0.00923333609933 0.012107258982 0.010375013907 0.00756065339494 0.00232702433453 0.00676553646972 0.0119014678243 -0.00085691808242 0.0177806715696 0.0109579488852 0.00560037401508 -0.00257062113718 0.211624445771 0.00721410883456 0.0151550116887 -0.00401354838771 0.0112101097354 0.0176844828421 0.00625935337179 0.0150414933973 -0.0199502275656 0.00668930941185 -0.00208090070196 0.00210635384668 -0.00376384975951 0.0263250812606 0.0306055989997 0.010873556107 0.00816655574166 0.00580528975448 0.00733108516451 0.00386332687009 -0.000847728222963 
0.00158504749916 0.0390496002358 0.0120947325536 0.00583062973708 0.017063055219 0.0243974159797 -0.00979778398205 0.0290983732459 0.0187605796717 0.015326290638 0.0146527765541 0.0301359469843 0.0169615252453 0.0174069689331 0.06097478296 0.0270816838457 0.0404480373817 0.0137728062144 0.00837986661176 0.0504288525855 0.0251051643457 0.00925573614149 0.0135404035295 0.0299963013345 0.0236202917284 0.0256184162304 -0.00706473467467 0.0110781957391 0.0363580405793 0.00721410883456 0.328982162723 0.0353954923797 0.0262752084737 0.00812562854034 0.00129513506302 0.00998870064004 0.0260921600903 -0.00509641870514 0.00482082110613 0.0236160637943 0.025699032744 -0.0014030090996 0.00882884359298 -0.00411695823901 0.0323705961347 0.0277344667944 0.0157033705341 0.0283986279757 0.0216678031764 0.00906026563731 
0.0232194451652 0.0344564794659 0.00310412057984 0.0242269114475 -0.0289348016444 0.0414885245344 -0.0154028846021 0.0147713075066 0.0169020320194 0.0678424655687 0.0353041366613 0.00708062332055 0.0197500313757 0.0121157022682 0.0239823328847 0.0444684372332 0.0514031605769 0.0105444630402 0.0319286174328 0.0398505318967 0.0401832149587 -0.00210333277983 0.0150445097943 0.0381281591048 0.0474279338869 0.0261522944408 0.00637873648064 0.0162677243598 0.00897544063192 0.0151550116887 0.0353954923797 0.296940776232 0.0326859147009 0.0251966292175 0.0111556455396 0.0124028768881 0.00332634891704 0.00974729045215 -0.00161319156729 0.00897913520296 -0.00256012772746 0.00728273990516 0.0297748751805 0.000943060382171 0.0134134096738 0.0478347818002 0.00907671054563 0.0352978429062 0.016691375489 0.0180738864678 
0.0299474386499 0.03152997621 0.00449973949692 0.0087301053735 -0.0103693646911 0.0150633804815 -0.0167003620836 0.0232580625865 0.0422206403521 0.0144751982934 0.0173657817875 0.0391728105997 0.0121193834331 0.0171783528582 0.0393993636019 0.0128531068625 0.041143536996 -0.00266544525051 0.00620611682095 0.0485450799783 0.0151676553494 0.00236034446278 0.00976686696359 0.0151487442926 0.0363324612843 0.011448292453 0.00457849730113 0.0434323087795 0.0353346197501 -0.00401354838771 0.0262752084737 0.0326859147009 0.344649502336 0.0176878457598 9.70237600502e-05 0.0219469397209 0.0131723804972 0.0170930130592 0.0139111289258 -0.019025592887 -0.0389909493638 0.00617162863844 0.0186329127604 0.024025817528 0.0306050636945 0.00300011720229 0.00210100104287 0.0269994269561 0.0209175326794 0.0248119721244 
0.0160967832753 0.0108922450749 0.00925876765626 -0.0024501657939 0.0182360275185 0.031518403624 -0.00384374304591 0.0325360555119 0.0127560990579 0.0119970603329 -0.00606008392001 0.0113906090357 0.0168539221003 0.0104242547717 0.00394962569999 -0.00228335247008 0.0142069915662 0.0260548531105 0.0282446872831 -0.000482876435502 0.0220103278718 0.00964353926349 -0.0010215391424 0.0147706004871 0.0204520835561 0.0134504429465 0.0396181928957 0.0179995281674 0.0206712996371 0.0112101097354 0.00812562854034 0.0251966292175 0.0176878457598 0.245332713865 0.0269357000943 0.0154524656922 0.0310613861776 0.020007424419 0.00291578308608 0.0103354628132 0.00289755070275 0.00709625391883 0.0484868634291 0.0331868509224 -0.00494693020245 0.0577377372684 0.00874763902207 0.0231408189775 0.010096248283 0.0143203925758 
0.0148707006989 0.0121937849743 0.000599709368183 0.00857157148041 0.0122556927769 0.0208031486543 -0.0112163784811 -0.000256797845773 0.0168289310631 0.00253555082155 -0.00835332086121 0.0279786430908 0.0082190785758 0.0183067875177 0.00962822272274 -0.0010214410741 0.0577155444199 0.0201270479511 0.00122043597187 0.00885459328591 0.00408587658936 0.00865577929281 0.0159589709625 -0.000135685094273 0.00536881479805 0.00215523752183 0.0179549358302 0.0171272351037 0.000966102351643 0.0176844828421 0.00129513506302 0.0111556455396 9.70237600527e-05 0.0269357000943 0.226386239994 0.0138400357219 0.0147808342687 0.0551559748193 0.00185484902327 0.00706034952595 -0.00281525508415 0.0059768932855 0.0134950020055 -0.00433440929417 0.00576389298973 0.0178056596214 -0.00186406013841 0.00792196812535 0.0119914046491 0.00202951237893 
0.0111638281099 0.0114035706181 0.0141081246746 -0.000344058997044 -0.00832358018407 0.00287038429505 -0.00417105730273 0.0198938603317 0.0101299355158 0.0230532211338 0.0180073168764 0.0224746126882 0.0088585834507 0.00942547065022 0.0273814774968 0.0318725632822 0.0184638503013 0.0101879957982 -0.000470825899135 0.00291473802367 0.0150922854003 -0.000282508791523 0.0148092658547 0.0119662375844 0.0308552170564 0.0177278910594 0.00311272672286 0.00769130003385 0.00791960476597 0.0062593533718 0.00998870064004 0.0124028768881 0.0219469397209 0.0154524656922 0.0138400357219 0.208892348523 0.0148091540603 -0.00725189765205 0.0161183424375 0.0155119198152 -0.00913592544124 -0.00612711584426 0.00937306988235 -0.00188054020188 0.00806438783052 0.0089285961749 0.0297038963055 0.0175096688674 0.0117484863996 0.011168898434 
0.00595700977148 0.0345744497348 -0.00780701842404 0.0197623850436 0.0314578349126 0.0178810217886 0.00324479029333 0.0531337532603 0.011000095155 -0.00521475935026 0.0117242671218 0.00241602178017 -0.00806385164633 0.0016801993637 0.0297583750622 0.028801201332 0.0391399752454 0.0186554632723 0.00255951008 0.0162494990377 0.0118005507327 0.0209754889684 0.00773757072294 0.0142189646212 0.0266914411721 -0.00800104648138 0.0148983189824 0.0200632443139 0.00957768326492 0.0150414933973 0.0260921600903 0.00332634891704 0.0131723804972 0.0310613861776 0.0147808342687 0.0148091540603 0.442258987551 -0.00213735176534 0.0114526183336 0.019825152626 0.0245304514043 0.014568570815 0.0564640023307 0.031722767699 0.0120811520488 0.0618934017941 0.0289684494129 0.0489556894017 0.0075583406516 0.0109246448444 
0.00588698018673 -0.00687244653062 0.00225177599186 0.0130224719465 0.00187189536713 0.0135100901861 0.00403847326321 0.00804634485604 0.00328025171875 0.00505796086182 -0.00110221664542 -0.0242331241592 -0.0135147410814 -0.0108469339354 -0.0135222645452 -0.00271763216334 0.0577401346421 0.00478894278403 0.00234285953622 -0.0226343512314 0.00795482236635 -0.00412015318937 -0.00465877071357 0.00496236473758 -0.00828973561817 0.0157309194714 0.0229982837163 0.0076896025523 0.00156176980137 -0.0199502275656 -0.00509641870514 0.00974729045215 0.0170930130592 0.020007424419 0.0551559748193 -0.00725189765205 -0.00213735176534 0.437764022134 -3.49435649461e-05 -0.00268204509912 -0.0115636442015 0.00555030981001 0.00896954024012 -0.00887367314925 -0.00350894715949 0.0358766100733 0.00819192221596 0.0214516016669 -0.00132525523829 -0.00219273814165 
0.00484697561012 0.00398152088669 0.0110691690709 0.0108352299137 -0.0132560792365 0.0140550809812 0.00166931901988 -0.00503211509828 0.00718005555873 0.00205693569173 0.0137646187343 -0.00702219720134 0.00919703484631 0.0259248871441 0.00233601829257 0.0002247745421 -0.00328647313433 0.00733700736502 0.00626266199722 0.0147581054983 0.00590932298778 0.0218643705118 0.00605247287436 0.000476138136726 0.0140579349617 0.0140905796834 0.00722443591931 0.0105974480402 0.0139287914929 0.00668930941185 0.00482082110613 -0.00161319156728 0.0139111289258 0.00291578308608 0.00185484902327 0.0161183424375 0.0114526183336 -3.49435649474e-05 0.158791453812 0.00405988371191 0.000656972922243 0.0110987487595 0.0181760875105 0.00331766854004 0.0131741892144 -0.00379442425819 0.0110508139942 0.00283373964854 0.0171197096822 -0.000263007056362 
0.00599146328129 0.0102781261967 0.0268972036572 0.0264890719711 -0.0010199532483 0.000303774208764 -0.00946751781997 0.0174322827043 0.0124642528296 0.00726886122236 0.0114091413586 0.00706819780357 0.0207985529794 0.000761871219868 0.032002593693 0.0319139471902 0.0268229806045 0.0135737920994 0.0200009800082 0.0127471268184 0.0146940513592 -0.0017876597555 0.0243733380172 0.00977647383175 0.00170769418112 -0.00263654832528 -0.000670505832831 0.0119019823816 0.00391772497315 -0.00208090070196 0.0236160637943 0.00897913520295 -0.019025592887 0.0103354628132 0.00706034952596 0.0155119198152 0.019825152626 -0.00268204509912 0.00405988371191 0.343138650418 0.00806390344414 0.00708451814127 0.00877811908461 0.0036644168166 0.00661279270668 0.0190023485034 0.0146637876265 0.0210238343127 0.0193968601103 0.0179730639192 
-0.00706135288311 0.134244043482 0.003815708677 0.0103480131685 0.000877963929252 -0.0139500567196 0.00110665309863 -0.00143881213569 0.020970463872 -0.00820824624613 -0.00142831754627 -0.00922738112871 -0.000291505031882 0.00430067318568 -0.00751747662434 0.00309013764956 0.0146863234527 -0.00681016787798 0.0105500133713 0.00893621877919 -0.0113159251438 -0.00388315883935 0.0024565917463 0.00977605850567 0.00188644364681 -0.00849450739439 0.00924804879052 -0.00349343737134 0.0276671438275 0.00210635384668 0.025699032744 -0.00256012772746 -0.0389909493638 0.00289755070275 -0.00281525508415 -0.00913592544124 0.0245304514043 -0.0115636442015 0.000656972922243 0.00806390344414 1.88998033679 -0.0152245732028 0.00468429271592 -0.0062222411424 0.00333269284954 0.0290880183765 -0.0153759773633 -0.0156828133437 -0.0061472070342 -0.00120214375957 
0.00668718209911 0.0103300387036 0.0124673003538 0.00748197085693 -0.00850644728479 0.0202500322315 -0.00906349146819 -0.00159748916658 0.00921660497115 0.0194718168404 0.0218543401332 0.00786836838064 0.000231467628692 0.0161024318094 0.00270261916095 0.0200849704146 0.000316005899159 -0.00827814077677 -0.00218729335985 0.00485360452057 0.00318853990199 0.0138856002174 0.0120053646077 0.00151216685997 0.0186511132953 0.0186286476895 0.00955297941382 0.0064840346627 0.0195118638335 -0.00376384975951 -0.00140300909959 0.00728273990515 0.00617162863844 0.00709625391883 0.0059768932855 -0.00612711584427 0.014568570815 0.00555030981001 0.0110987487595 0.00708451814126 -0.0152245732028 0.248999927639 0.00547690352596 -0.0100921159188 0.00544259748969 0.00921450186744 -0.00177537573385 0.019199651241 0.0033068852506 0.0206696448801 
0.0134274886343 0.0205253563395 0.0139118154822 0.0102682316696 -0.00643821213558 0.0293448943684 0.00272790641101 0.0260943871053 0.0121714239064 0.013544312078 0.0130069101731 0.0158390247002 0.00546616240584 0.0190979271315 0.0195977774545 0.0216135188748 0.0201095780613 0.0282020063334 0.00647177852043 0.0151004623252 0.0201747632211 0.00956001640245 0.0129024316553 0.0165964603494 0.0200054219835 0.0185593941167 0.01968284054 0.0187388937357 0.0089736405218 0.0263250812606 0.00882884359298 0.0297748751805 0.0186329127604 0.0484868634291 0.0134950020055 0.00937306988235 0.0564640023307 0.00896954024012 0.0181760875105 0.00877811908461 0.00468429271592 0.00547690352596 0.1782434755 0.00732171890321 0.0134186044976 0.0423829818086 0.0164610527006 0.0231117414329 0.017732352139 0.00936479737323 
0.0242617721712 0.0125010396979 6.86305625589e-05 0.0213919226482 0.0035347842572 0.00142830295781 -0.00356541249051 0.0068079516124 0.0292456003927 0.00645868745638 0.0111399294118 -0.0111126709921 0.00413355982748 -0.00113135370733 0.0121643993963 0.021179511635 0.015585259872 -0.0111363623847 0.00352490371467 0.0160465243077 -0.00433197230986 -0.000312142632909 0.0105268683075 0.00501229731145 0.0152938689516 0.0127648172712 0.00956556709059 0.033342172514 0.0120594120051 0.0306055989997 -0.00411695823902 0.00094306038217 0.024025817528 0.0331868509224 -0.00433440929417 -0.00188054020189 0.031722767699 -0.00887367314923 0.00331766854004 0.0036644168166 -0.0062222411424 -0.0100921159188 0.00732171890321 0.635543767032 0.0298930328418 -0.0100317253638 0.00145947634889 0.0449304687744 0.0252922585746 0.00930616937195 
0.0172883973066 0.0248232365524 0.0249863397621 0.00319491894834 0.0581420344364 0.0478053447237 -0.011221766736 0.0110281127729 0.0288919813291 -0.000331410732608 0.0472437321429 0.022995332285 0.0138809312419 0.0337900974449 0.0297936603972 0.050034561492 0.0373365530624 0.0131495398607 0.0287889667747 0.0259570428582 0.0122957060953 0.0118850558064 0.0136902350125 0.0430413858404 0.0281901941997 0.0092215769838 -0.000776223931607 0.0174563610263 0.0283073951565 0.010873556107 0.0323705961347 0.0134134096738 0.0306050636945 -0.00494693020244 0.00576389298972 0.00806438783052 0.0120811520488 -0.00350894715949 0.0131741892144 0.00661279270669 0.00333269284954 0.00544259748969 0.0134186044976 0.0298930328418 0.387655884352 0.0162502080426 -0.00175218408578 0.0274154495798 0.0227490509387 0.0142951976727 
0.0172144733844 0.0103902421647 0.00411210419836 0.00563418851675 -0.000664383048961 0.01846382941 0.00371348725282 0.0317797582803 0.00841322347697 0.022018070313 0.00162086877402 0.01170948858 0.00308704001561 0.0100829915119 0.018985688645 0.000918563927915 0.0194911681257 0.0197966547138 0.0145561482578 0.017962135088 0.0158047971002 0.0180550606143 0.0163895051703 0.0177053778794 0.0187293247759 0.00857611698152 0.0234816143853 0.0306968709156 0.00374606525238 0.00816655574166 0.0277344667944 0.0478347818002 0.00300011720229 0.0577377372684 0.0178056596214 0.0089285961749 0.0618934017941 0.0358766100733 -0.00379442425819 0.0190023485034 0.0290880183765 0.00921450186745 0.0423829818085 -0.0100317253639 0.0162502080426 0.25728452192 0.0142419067705 0.028202368321 0.00340762500771 0.0127666820094 
-0.00353104001208 0.0252208527494 0.00377478017647 0.0222057939505 -0.00591541090405 0.0405430052074 -0.0063194235937 0.0240830299212 0.0165579613218 0.0112793922464 0.0249245054748 -0.00269881756406 0.00237590437721 0.0149607889075 0.0191743411911 0.0144219363109 0.0134784706925 -0.00299869838881 0.0105370800073 0.0387058266422 -0.0218022795595 0.00778411298315 0.00931614080012 0.0223055345385 0.0189940690477 0.026027607888 0.0196461946663 0.0221739569416 -0.0131406960606 0.00580528975448 0.0157033705341 0.00907671054563 0.00210100104287 0.00874763902206 -0.00186406013841 0.0297038963055 0.0289684494129 0.00819192221596 0.0110508139942 0.0146637876265 -0.0153759773633 -0.00177537573385 0.0164610527006 0.00145947634887 -0.00175218408578 0.0142419067705 0.515476956442 0.0210065277829 0.00773635097304 0.00426775540911 
