50
0.0314514366364 0.140066530531 0.101481112582 0.0896788789081 0.0623322546876 0.0715007016099 0.0414012394119 0.0427797721554 0.123926899062 0.0113752176021 0.0394797478448 0.0442318588416 0.0472748306646 0.0629738483482 0.0309081568087 0.148705689344 0.0377827405953 0.0215013837744 0.0132097716294 0.0374431650663 0.0654803135324 0.127416862275 0.0631330997176 0.0878126089614 0.0412963652708 0.0191748751409 0.0206637964956 0.0793031051092 0.102128665084 0.0602494739115 0.0646745186267 0.188050706821 0.00699576056141 0.0352458247454 0.0597094198611 0.0572050688987 0.0525709156995 0.0184249616408 0.192324736986 0.158041803894 0.0380825412642 0.153319254475 0.0479675113811 0.0202574279786 0.0664901393557 0.0449016594387 0.0210495138202 0.045759308444 0.0284224966367 0.0362094771936 
0.176276264983 0.0138849730268 0.00531124721617 0.0201972970213 0.0119309190953 0.0137690312363 0.0194344068952 0.0192657979762 0.00433010335426 0.00846511582112 0.0208689550412 0.0215395496075 0.0154581637913 0.00336467657234 0.0275220519804 0.0112254742763 0.0252917056568 0.0207857012691 0.0102550236678 0.0141739387776 0.0187924476679 0.00156412146077 0.00773549388233 0.0221588147334 0.0174500212889 0.0314530175368 0.0219124025333 0.0252107162499 0.00815575826962 0.0206375633876 0.0503616242717 0.00530697002228 0.0161386437699 0.0177300941622 0.0153266629534 0.0118703716686 0.014777261147 0.0486467146949 0.023319606459 0.0198203560753 0.00969523964637 0.0381323944112 0.0071755123837 0.0123444694169 0.0560925102682 0.0148907709696 0.0147556479519 0.0235485072032 0.00871014041386 0.0338561625396 
0.0138849730268 1.44834388403 -0.0175899481305 0.012226399869 0.0175151921299 -0.00347430258247 0.00775504374824 0.0281019387339 0.0196550516844 0.0059596969487 0.0163004195701 0.0156328832337 -0.00106679033851 0.00977239682147 0.0100974196538 0.0104590739636 0.0134043548594 0.0204838491647 0.0134444926938 0.0188415123406 0.0176743327728 -0.00129673089179 0.0131105599588 -0.00208846141682 0.00443274646168 0.0120326739191 0.0158761255075 0.0167447989419 0.0275574917069 0.0148734415544 0.0170834835261 0.014797222957 0.00746258114129 0.0162100511455 0.0198949382031 0.00205757912605 0.0228878174374 0.0189036490509 0.0266653702203 -0.00648116259839 0.0170660687965 0.142722508183 0.0120761386154 0.0224569723018 0.0615070447553 0.0204556035109 -0.00116678732226 0.00587541311671 -0.00248404691137 0.00912642496827 
0.00531124721617 -0.0175899481305 0.924505332184 0.0554464480684 -0.00571918375553 0.00915361382897 0.000708050551043 0.00179149825188 0.020567539369 0.00841589354507 0.000660909450149 0.0102727923031 0.00742829042029 0.020173263959 -0.00284176358043 0.0224180076406 0.00993724051137 0.024708367837 0.017296845448 0.0100044745506 0.00577064422581 -0.00166479328535 0.0334842405907 0.0167213826213 -0.00743250137536 0.00698952497999 -0.00552996168346 5.52530765137e-05 0.0355853851797 -0.0042695792533 -0.00538494725052 0.0152552484232 0.00146687915498 0.0219489194443 0.0196259604035 -0.00728251018169 0.0206778402172 0.00556459590804 0.0293873865732 -0.00397829653739 0.00540324977192 -0.00421975310119 -0.00134721931675 0.00981508403479 -0.0162513579114 0.00282223869298 0.00563835228677 0.0101805175643 0.00450591072119 0.00829686613033 
0.0201972970213 0.012226399869 0.0554464480684 0.526081188789 0.0158711364882 0.0246213233116 0.0188248076308 0.0203883178735 0.0222290705417 0.0282132726894 0.0125063303892 0.0388161148256 -0.00480119207456 -0.00338367673306 0.00920226970767 0.0556810214852 0.0111218678589 0.051266946162 0.0276862051527 0.0152384276964 0.0352703943287 0.0252738224279 0.0875388855501 0.0997945287349 -0.00755384830932 0.0121332246056 0.0112363136889 0.0578101600775 0.0696972029498 0.0290418260411 0.0235304187796 0.034917990833 0.0103479425027 0.0299847141127 0.0315636590306 0.0136753707203 0.0238403793863 0.0212393492166 0.0359964632523 0.008725028548 0.0194986501556 0.0407858504093 0.0282762889112 0.075076329301 0.0350962805811 0.0290509861698 0.00899797915294 -0.00227654977541 0.0112682535672 0.011054001056 
0.0119309190953 0.0175151921299 -0.00571918375553 0.0158711364882 0.534922648326 0.00660297574842 -0.00179561488316 0.0102011883399 0.00687211639621 -0.00124096962972 -0.00530028633406 0.00714991680424 0.0132426564309 -0.0123891851622 0.0130403769788 0.0253126113503 0.0104642879566 0.0102207510036 0.00919513242862 0.022382363676 0.00971949849013 -0.0044268933001 0.0217866229677 -0.000123953814047 0.00340350146705 0.00415024169187 0.00813753134422 -0.00548660350058 0.0114612569007 0.01194223456 -0.00598943575678 -0.00506030111197 0.00255276048106 0.00392514303142 0.0100282328533 0.0151829827845 0.000479819723859 1.98089473011e-05 -0.0118999811226 -0.00167839625614 -0.000108606117681 0.0152172149902 0.0125242209105 0.00514622438315 0.0077731613235 0.00419824374612 0.0021896898376 0.0108553807954 0.00111858560379 0.022389338119 
0.0137690312363 -0.00347430258247 0.00915361382897 0.0246213233116 0.00660297574842 0.58993577862 0.010782371516 -0.00511261541137 0.00670232471874 0.0117299505646 -0.0154161605166 -0.00206658983822 0.0119677189647 0.000819323383234 0.00435718049298 0.0103867044428 0.0199792208421 0.0165202761448 0.00838907955483 0.0185815984123 0.0179865575751 0.0105063673245 0.0209104900209 0.00975671867203 0.00801532559797 0.00838753086529 0.0151037905514 0.0178381534385 0.0054279096197 0.00567519539491 0.0022285182201 0.0139348489241 0.0243839471423 0.0292173492959 -0.008496204543 0.00913778990436 0.0102002902363 0.0181718002053 0.0207150829709 -0.00785630790083 0.0202911044777 0.0263990474062 0.0093120144671 0.011681978892 -0.00386327535356 0.010070367317 0.00338647572473 0.000428559406477 0.0129425276362 0.0177399628997 
0.0194344068952 0.00775504374824 0.000708050551043 0.0188248076308 -0.00179561488316 0.010782371516 0.243206914198 0.0297935408982 -0.0155849428714 0.0134090830882 0.0176998291755 0.0238921713149 0.0049231982514 0.00214021291771 0.0152022037379 0.0142786845196 0.00944408728934 0.0152792064807 0.0039441701572 0.00249368497472 0.0211440793601 0.0253522684937 -0.00563781376932 0.00650763188811 0.00502875605893 0.0114134561795 0.0184977100331 0.0145762683161 0.0216785338167 0.00464125603727 0.0164893777652 0.010912840137 0.0134386712031 0.0147148265249 0.0162209296986 0.0156493657678 0.018921384538 0.0207200980029 0.0245041783108 -0.00239971739462 -0.000694735903348 0.0154782510724 0.0278253987375 0.00666663709721 0.0301230853303 0.0049905314819 0.00285196891765 0.00621822590685 0.00424903305861 0.0193196561146 
0.0192657979762 0.0281019387339 0.00179149825188 0.0203883178735 0.0102011883399 -0.00511261541137 0.0297935408982 0.268868191377 0.0823544680211 0.0225364308899 0.0244543231426 0.0320298989797 0.0135034436263 0.0174566978419 0.021906381884 0.0258515557099 0.00325616254668 0.0193909167054 0.00252229355607 0.0111307360472 0.0399967008926 0.0314474899608 0.0174140654187 0.00825252966872 0.0147499401867 0.0182947245408 0.0179524438151 0.0251673908086 0.00642645650225 0.0322652722268 0.00341183504862 0.0194302610066 0.0155976568157 0.0125388722691 0.015490765783 0.0183775258509 0.0237294787336 0.0279132022145 0.0608088495172 0.00746355407881 0.00924602753375 0.0135742005687 0.0342102638032 0.00798475124308 0.032448925081 0.0432450721363 0.0138761920785 0.0117759079792 0.0058470528425 0.030382505925 
0.00433010335426 0.0196550516844 0.020567539369 0.0222290705417 0.00687211639621 0.00670232471874 -0.0155849428714 0.0823544680211 0.900834268273 -0.0111863815127 0.017005511034 0.008695773698 0.00710817615147 0.0384264659714 0.00402959560771 0.00416599644708 0.0063941075373 -0.0116502783771 0.00919775045536 0.00496829690406 0.00188473524148 0.023291783854 0.0164671148082 0.0123282189857 0.00874428726784 0.0264379221563 0.0185509494741 0.0106736309861 -0.00540688427046 0.00973036611501 -0.00805122721147 0.0810534551105 0.00429620085548 -0.00221871106065 -0.00705615091665 -0.00275962551573 0.019407376125 0.0274038060192 0.0322185541322 0.00983616117534 0.0409761574347 0.00985157283227 0.00127695204914 0.0296235583578 -0.0107439507409 0.0183927751871 -0.0160082815864 0.0174786589075 -0.00347398921266 0.0131357107919 
0.00846511582112 0.0059596969487 0.00841589354507 0.0282132726894 -0.00124096962972 0.0117299505646 0.0134090830882 0.0225364308899 -0.0111863815127 0.219504805824 0.0198729306249 0.00841265492525 0.00426236419791 0.00704574299196 0.0344848239545 0.0246457539635 0.0249245451769 0.00875453554748 0.0126087000392 0.00379925139624 0.0219154114763 0.000624455931018 0.0117263826662 0.0131495004139 0.00303572500965 0.0152014718354 0.0170553769146 0.0303321966957 0.0158911538723 0.0131390465202 0.00585796045586 0.0514656818624 0.0104037206889 0.0216469339575 0.0197137627651 0.010925489047 0.00755286733996 0.0140033749813 0.013751314832 0.00407138430334 0.00828849121711 0.0110863314649 0.0146260995565 0.0151978474634 0.0239411252456 0.0130991744599 0.023305343387 0.0131550916416 0.00885509135418 0.00619666178707 
0.0208689550412 0.0163004195701 0.000660909450149 0.0125063303892 -0.00530028633406 -0.0154161605166 0.0176998291755 0.0244543231426 0.017005511034 0.0198729306249 0.307390718043 0.0181367673554 0.00530725060342 0.00118103409162 0.00256143237658 0.0204299814197 0.014388924451 0.0268945564058 0.016389975441 0.0131354554084 0.00708466757058 0.0138611310166 0.011780361327 0.031385960591 0.0230334531381 -0.00152193375856 0.00636925858977 0.0323345007183 0.0176096079326 0.00934916111268 0.0885726065945 0.0290998195645 -0.00551618086838 0.00927886159986 0.0364102365483 0.0320418612268 0.00767868854868 0.0118969347015 0.0448197504322 0.0378436527571 0.0118051358221 0.0638791132825 0.0255735361589 0.0204247414154 0.0392315528555 0.0229213955738 0.00837061384417 0.0164127076056 0.00990905472169 0.0190575888426 
0.0215395496075 0.0156328832337 0.0102727923031 0.0388161148256 0.00714991680424 -0.00206658983822 0.0238921713149 0.0320298989797 0.008695773698 0.00841265492525 0.0181367673554 0.235906366364 0.0128281749208 0.0103290323206 0.0204301201576 0.018439132335 0.0177872213132 0.0127843268333 0.0234309407225 0.0224306480401 0.0233381740724 0.0182295095599 0.0418699588344 0.0271756426187 0.0068341844535 0.0152452439132 0.0143889834552 0.0197289994533 0.0281697098041 0.0280851668827 0.0326993913228 0.0338538196448 0.0190757073401 0.0130922931397 0.00869574042813 0.0177569067601 0.0273652922184 0.0252234192729 0.054909670372 0.0203616704979 0.0228816678369 0.0199093768718 0.0356070267825 0.0347872849712 0.0240982250111 0.0420998460874 0.0129589806386 0.0128316746444 0.0111991363733 0.0227309716074 
0.0154581637913 -0.00106679033851 0.00742829042029 -0.00480119207456 0.0132426564309 0.0119677189647 0.0049231982514 0.0135034436263 0.00710817615147 0.00426236419791 0.00530725060342 0.0128281749208 0.352365417277 -0.00600797174384 0.00874447221975 -0.00178033458302 0.00684331659752 0.00694788327686 0.00891389919261 0.00820296089119 0.00563037062807 -0.0022655085991 0.00369760181589 -0.00978998225739 0.0022132567062 0.0125578488517 0.00984887991456 -0.0201223866034 0.00650553386298 -0.000630835593764 -0.00183297002819 0.015872254948 0.0140143087467 0.00512162474055 0.00316834335265 0.0692794526592 0.0149498244757 0.00964112870736 -0.00930946893928 0.00375928689723 0.0178615153248 0.0102280477795 0.00503813734892 0.0123046856273 0.00945609442798 0.0182692756242 0.0161069205775 -0.00216772255442 0.0139013546928 -0.00133109783322 
0.00336467657234 0.00977239682147 0.020173263959 -0.00338367673306 -0.0123891851622 0.000819323383234 0.00214021291771 0.0174566978419 0.0384264659714 0.00704574299196 0.00118103409162 0.0103290323206 -0.00600797174384 0.3355368974 -0.0199040306339 0.000893363568081 0.0265949674766 0.016511306579 0.00489839471029 0.000555639865878 0.0087207583278 0.130267040126 0.0112493280919 -0.0105388878819 0.00408832484121 -0.0036716360473 -0.011340564489 -0.0132664534559 0.032132548342 0.00393768072934 -0.00341292811054 0.0148466343375 0.0138505944613 0.00494099279284 -0.00129296023785 0.0129193129297 0.00674465045417 0.00420093188877 0.0910024271166 -0.0119097495743 -0.000226541495575 -0.00638625639194 0.0310480865066 0.0185904746674 0.00357017243185 0.0185291375463 0.00763337986384 0.0698858518256 0.000849897816695 -0.00342469751268 
0.0275220519804 0.0100974196538 -0.00284176358043 0.00920226970767 0.0130403769788 0.00435718049298 0.0152022037379 0.021906381884 0.00402959560771 0.0344848239545 0.00256143237658 0.0204301201576 0.00874447221975 -0.019904030634 0.2823919231 0.00210265854024 0.0270352334125 0.0234421826837 0.00503691107886 -0.00650373214942 0.0279556210192 0.00554618561469 0.0161813580918 0.015622566126 0.0234910141212 0.0263679492003 0.0288296450406 0.0285209890595 0.0174171871873 0.0305208809398 0.0094883159875 0.0237708585123 0.00789569484358 0.0257146675045 0.01020437046 0.0377893736082 0.0539283679649 0.0277685194769 -0.000533197703128 0.00760867522056 0.0114782945985 0.0403024557171 0.0295716515542 0.0136094570739 0.0361960919013 0.0114365840013 0.011241071663 -0.00102330745159 0.00605996555058 0.0171669122658 
0.0112254742763 0.0104590739636 0.0224180076406 0.0556810214852 0.0253126113503 0.0103867044428 0.0142786845196 0.0258515557099 0.00416599644708 0.0246457539635 0.0204299814197 0.018439132335 -0.00178033458302 0.000893363568081 0.00210265854024 0.638220780353 0.0275716333812 0.0476966415473 0.0190567912733 0.00553739544227 0.025919887156 0.018198719736 0.0521269520668 0.0609326355201 0.0122766264431 0.00389923182331 0.012463123845 0.033324019728 0.0304794891577 0.00908809285139 0.0123995244588 0.0532400870199 0.0259549141327 0.0169707491803 0.0280384291995 0.031978709136 0.035835303945 -0.00127729980735 0.0304594149269 0.024722767289 0.027461799688 0.0285844217008 0.00834552794329 0.0381884507413 0.00121374823093 0.030055908474 0.0062225809853 0.00959641458715 0.0213720073458 0.0220448818277 
0.0252917056569 0.0134043548594 0.00993724051137 0.0111218678589 0.0104642879566 0.0199792208421 0.00944408728934 0.00325616254668 0.0063941075373 0.0249245451769 0.014388924451 0.0177872213132 0.00684331659752 0.0265949674766 0.0270352334125 0.0275716333812 0.325224239428 0.00655801096737 0.00180868782767 0.0146932302576 0.00535543451521 0.0329086848251 -0.00709555827526 0.0204776240629 0.014289405125 0.0140251259726 0.00909855292593 0.0110627025941 -0.00819074262314 0.0189570345884 0.0125855374779 -0.000920181770439 0.0284616341977 0.0188874138229 0.00792965923311 0.0249263837221 0.000446655423987 0.0189345773266 0.0312523590277 0.0180074603235 0.0146500327708 -0.00100485948301 0.0114547843551 0.0145244981805 0.0178740825425 0.00219126680473 0.0052187783459 0.0484161129069 0.0248627561308 0.00799464885636 
0.0207857012691 0.0204838491647 0.024708367837 0.051266946162 0.0102207510036 0.0165202761448 0.0152792064807 0.0193909167054 -0.0116502783771 0.00875453554748 0.0268945564058 0.0127843268333 0.00694788327686 0.016511306579 0.0234421826837 0.0476966415473 0.00655801096737 0.271963518244 0.0229627729702 0.0146127806711 0.0187020138218 0.0160646021023 0.0104852365745 0.032811811635 0.0134729265317 0.0148130208985 0.0182895417995 0.00710903616815 0.0116573319747 0.0129292850858 0.0101008255373 0.0528602808806 0.00317238755077 0.00510858627591 0.0340467431312 0.0179705655374 0.0159845411405 0.0183576613699 0.0437831285442 0.012680517417 0.00995054269714 0.0340298277943 0.00403817299031 0.0293902551676 0.0306955958866 0.0240218978004 -0.0020852239499 0.0098605925123 0.0224574153319 0.0164333354198 
0.0102550236678 0.0134444926938 0.017296845448 0.0276862051527 0.00919513242862 0.00838907955483 0.0039441701572 0.00252229355607 0.00919775045536 0.0126087000392 0.016389975441 0.0234309407225 0.00891389919261 0.00489839471029 0.00503691107886 0.0190567912733 0.00180868782767 0.0229627729702 0.159668683302 0.0137987020745 0.0242963888775 -0.00141183794286 0.021163384885 -0.00298818142077 0.0034847792671 0.0197441505326 0.0168546883993 0.0256789526722 0.00990181861466 -0.000818379974313 -0.0083302455981 0.0295174918811 -0.00236126246533 0.008664815852 0.00865444783589 0.00887835671545 0.00619312998609 0.00419453202781 0.0236136696409 0.00952607337409 0.00849010835837 0.0177857530013 0.0104956975753 0.0218071344073 0.0163256315826 0.00090001301588 0.0128212357623 0.00558117600892 0.000755558051844 0.0188259063067 
0.0141739387776 0.0188415123406 0.0100044745506 0.0152384276964 0.022382363676 0.0185815984123 0.00249368497472 0.0111307360472 0.00496829690406 0.00379925139624 0.0131354554084 0.0224306480401 0.00820296089119 0.000555639865878 -0.00650373214942 0.00553739544227 0.0146932302576 0.0146127806711 0.0137987020745 0.460417761233 0.0400346026146 0.00698669472284 0.0292628776631 0.0360048705959 0.0194851682934 0.000289051457323 0.0140073142911 0.0179049817478 0.0201296232382 0.0122368044894 0.00555785996326 0.0188403191035 0.00618052807916 0.00403813964283 -0.000937456470791 0.0127217228647 0.0095747037808 0.0201032739164 0.0135892947002 0.00807475874887 -0.000169043739628 0.0225542052722 0.00612842712143 0.0280683735999 0.0225011975563 0.0155539656512 0.00967082670538 0.0069395277739 -0.00831079999547 0.0193903852969 
0.0187924476679 0.0176743327728 0.00577064422581 0.0352703943287 0.00971949849013 0.0179865575751 0.0211440793601 0.0399967008926 0.00188473524148 0.0219154114763 0.00708466757058 0.0233381740724 0.00563037062807 0.0087207583278 0.0279556210192 0.025919887156 0.00535543451521 0.0187020138218 0.0242963888775 0.0400346026146 0.386641902666 0.038402690552 0.0562651251575 0.0243984026995 0.00667970456109 0.0173516388304 0.0119558546318 0.0229324838706 0.035102513579 0.0201791132503 -0.000259942656904 0.0482822049008 0.00429268470844 0.0152961560973 0.0142287809651 0.0219081087901 0.0424808493729 0.0133035043121 0.0255673652068 0.0243184616091 -0.000645094639687 0.0366125266172 -0.00302831434799 0.0398765609462 0.0422212426206 0.0149913197927 0.00514110008692 0.00985228686126 0.00841851624551 0.0212168249004 
0.00156412146077 -0.00129673089179 -0.00166479328535 0.0252738224279 -0.0044268933001 0.0105063673245 0.0253522684937 0.0314474899608 0.023291783854 0.000624455931018 0.0138611310166 0.0182295095599 -0.0022655085991 0.130267040126 0.00554618561469 0.018198719736 0.0329086848251 0.0160646021023 -0.00141183794286 0.00698669472284 0.038402690552 0.449084077605 0.0350041663848 0.0192324823668 -0.00148597627751 0.0122827446055 0.0151655222072 0.0025987527906 0.0199096934385 0.013910611527 0.0322786460663 -0.000483815429106 0.014540918713 0.00664280301519 0.0066211344035 0.0326040647463 0.0346518018613 0.0180720642163 0.127572922424 0.00668046019263 0.00910268386039 0.0173626624803 0.0468856164555 0.0159033117225 0.0130067877455 0.00440770313256 0.00689850505855 0.103643975357 -0.00175123689609 -0.00463386798674 
0.00773549388233 0.0131105599588 0.0334842405907 0.0875388855501 0.0217866229677 0.0209104900209 -0.00563781376932 0.0174140654187 0.0164671148082 0.0117263826662 0.011780361327 0.0418699588344 0.00369760181589 0.0112493280919 0.0161813580918 0.0521269520668 -0.00709555827526 0.0104852365745 0.021163384885 0.0292628776631 0.0562651251575 0.0350041663848 0.450322056932 0.0216532042999 0.0225051851334 0.0192440944752 0.020149809434 0.0144151845192 0.0638621544945 0.0122857008907 0.00389534665148 0.051899859943 -0.00454638973157 0.0254935008988 0.0129288055702 0.0325818660011 0.0416129780782 0.00916986320189 0.0391259846632 0.0183411488342 0.0318270895653 0.0452976503414 -0.00262264516719 0.0219613836492 0.0144735314375 0.0236499563261 0.0124617679069 0.00401657619434 0.000434723309408 0.0160879436496 
0.0221588147334 -0.00208846141682 0.0167213826213 0.0997945287349 -0.000123953814047 0.00975671867203 0.00650763188811 0.00825252966872 0.0123282189857 0.0131495004139 0.031385960591 0.0271756426187 -0.00978998225739 -0.0105388878819 0.015622566126 0.0609326355201 0.0204776240629 0.032811811635 -0.00298818142077 0.0360048705959 0.0243984026995 0.0192324823668 0.0216532042999 0.467743054787 0.00633666567367 0.00115188531097 0.0102410106295 0.0166255917781 0.0384636751603 0.00973657732804 0.00702127445583 0.0537529340088 -0.00714828428835 0.0287762954578 0.00793581737654 0.0112158020852 0.0443729360581 0.0183177416655 0.0249758308238 0.00859301936838 0.0258955344135 0.0532671088968 0.00380751175608 0.026068637623 0.0140916658901 0.0262816039707 0.00408384646345 0.0131678860729 -0.00412365597365 0.0204193929656 
0.0174500212889 0.00443274646168 -0.00743250137536 -0.00755384830932 0.00340350146705 0.00801532559797 0.00502875605893 0.0147499401867 0.00874428726784 0.00303572500965 0.0230334531381 0.0068341844535 0.0022132567062 0.00408832484121 0.0234910141212 0.0122766264431 0.014289405125 0.0134729265317 0.0034847792671 0.0194851682934 0.00667970456109 -0.00148597627751 0.0225051851334 0.00633666567367 0.244173031968 0.00463150598235 0.0221294169085 0.00573019729556 -0.00331529383664 0.0145320004678 0.0375959112517 -0.00292537487132 0.0185753038453 0.00767977429291 0.0140763573932 0.0115077081196 0.00373632616249 0.0158639505539 0.0112816444451 0.00737808601287 0.00186753580868 -0.00245576367286 0.00629820409717 0.00492553313689 0.0288985625948 0.0149170451825 0.0152204620793 0.0123506815625 0.0214675325564 0.00697767107595 
0.0314530175368 0.0120326739191 0.00698952497999 0.0121332246056 0.00415024169187 0.00838753086529 0.0114134561795 0.0182947245408 0.0264379221563 0.0152014718354 -0.00152193375856 0.0152452439132 0.0125578488517 -0.0036716360473 0.0263679492003 0.00389923182331 0.0140251259726 0.0148130208985 0.0197441505326 0.000289051457323 0.0173516388304 0.0122827446055 0.0192440944752 0.00115188531097 0.00463150598235 0.177933888466 0.0204224915676 0.025629334254 -0.00443079559557 0.0258559164933 -0.00254586696792 0.0218999157475 0.0128681103033 0.0189232080745 0.00571364590798 0.00636151743663 0.00936914218855 0.0335582828704 0.0170476558622 0.00313399771762 0.0201335305478 0.0283532785422 0.00603144787502 0.0195998721048 0.0283048959702 0.010088075662 0.0191097548677 0.0106406718388 0.00735775692011 0.0175802838132 
0.0219124025333 0.0158761255075 -0.00552996168346 0.0112363136889 0.00813753134422 0.0151037905514 0.0184977100331 0.0179524438151 0.0185509494741 0.0170553769146 0.00636925858977 0.0143889834552 0.00984887991456 -0.011340564489 0.0288296450406 0.012463123845 0.00909855292593 0.0182895417995 0.0168546883993 0.0140073142911 0.0119558546318 0.0151655222072 0.020149809434 0.0102410106295 0.0221294169085 0.0204224915676 0.149533249864 0.0110514928624 0.00805153396471 0.0140203993528 0.0181714849815 0.0277219298024 0.0136393224315 0.012359962078 0.00429430136478 0.0101503630466 0.00982666285463 0.0215147969429 0.017635472619 0.00475276790687 0.0117624299414 0.0322716075772 0.0121209642527 0.0183773998972 0.0274191541407 0.00402688011049 0.0107148363972 0.0146304750493 0.0129388519054 0.0251172952609 
0.0252107162499 0.0167447989419 5.52530765138e-05 0.0578101600775 -0.00548660350058 0.0178381534385 0.0145762683161 0.0251673908086 0.0106736309861 0.0303321966957 0.0323345007183 0.0197289994533 -0.0201223866034 -0.0132664534559 0.0285209890595 0.033324019728 0.0110627025941 0.00710903616815 0.0256789526722 0.0179049817478 0.0229324838706 0.0025987527906 0.0144151845192 0.0166255917781 0.00573019729556 0.025629334254 0.0110514928624 0.385605868785 0.0293754417804 0.0278053511658 0.00411206377605 0.0169016957301 -0.00368066834902 0.0230949108756 0.0215406009812 0.0163886836639 0.0288561156371 0.0193467433276 0.0483447324923 0.0518216580661 0.0168922247579 0.0385582617276 0.0517024583188 0.0301452450815 0.0348470181054 -0.0104652973817 0.0252644232984 -0.0109686504988 0.0163061821443 0.0886817011121 
0.00815575826962 0.0275574917069 0.0355853851797 0.0696972029498 0.0114612569007 0.0054279096197 0.0216785338167 0.00642645650225 -0.00540688427046 0.0158911538723 0.0176096079326 0.0281697098041 0.00650553386298 0.032132548342 0.0174171871873 0.0304794891577 -0.00819074262314 0.0116573319747 0.00990181861466 0.0201296232382 0.035102513579 0.0199096934385 0.0638621544945 0.0384636751603 -0.00331529383664 -0.00443079559557 0.00805153396471 0.0293754417804 0.672947534251 0.0197960960647 0.0113105496234 0.0219690507071 0.00202458462239 0.0142291832942 0.0192546847279 0.0334546169869 0.0578157486919 0.0207842809008 0.0648046720209 0.0222203735405 0.0221593761337 0.033100242667 0.0211237756594 0.0215703479992 0.00988419067634 0.0408068477217 0.00471295292581 -0.00390482345128 0.00655731062566 0.0254254673995 
0.0206375633876 0.0148734415544 -0.0042695792533 0.0290418260411 0.01194223456 0.00567519539491 0.00464125603727 0.0322652722268 0.00973036611501 0.0131390465202 0.00934916111268 0.0280851668827 -0.000630835593764 0.00393768072934 0.0305208809398 0.00908809285139 0.0189570345884 0.0129292850858 -0.000818379974313 0.0122368044894 0.0201791132503 0.013910611527 0.0122857008907 0.00973657732804 0.0145320004678 0.0258559164933 0.0140203993528 0.0278053511658 0.0197960960647 0.301129247815 0.0114758159677 0.0336267546926 0.0173195186699 0.0177198774605 0.00514407687488 0.0148163719554 0.0260290467021 0.00889009479486 0.0254097397207 -0.000205926946499 0.00634081024658 0.0219118102198 0.0177795204822 0.0431168773874 0.0313047104541 0.0563308767331 0.0098291421309 0.00530721738242 -0.00639996354154 0.0131311341263 
0.0503616242717 0.0170834835261 -0.00538494725052 0.0235304187796 -0.00598943575678 0.0022285182201 0.0164893777652 0.00341183504862 -0.00805122721147 0.00585796045586 0.0885726065945 0.0326993913228 -0.00183297002819 -0.00341292811054 0.0094883159875 0.0123995244588 0.0125855374779 0.0101008255373 -0.00833024559811 0.00555785996326 -0.000259942656904 0.0322786460663 0.00389534665148 0.00702127445583 0.0375959112517 -0.00254586696792 0.0181714849815 0.00411206377605 0.0113105496234 0.0114758159677 0.503694337332 -0.00394789619211 0.00270416198864 -0.018798952756 0.00207496951465 0.0140683262168 0.00711951723482 0.0237743535357 0.0342411761055 0.00796322146091 -0.000472452813261 0.00608249649434 0.0685769208904 -0.00742713287636 0.0356195091859 0.00385490210743 0.0199886156631 0.0225678263436 -0.00867434205653 0.0110904157528 
0.00530697002228 0.014797222957 0.0152552484232 0.034917990833 -0.00506030111197 0.0139348489241 0.010912840137 0.0194302610066 0.0810534551105 0.0514656818624 0.0290998195645 0.0338538196448 0.015872254948 0.0148466343375 0.0237708585123 0.0532400870199 -0.000920181770439 0.0528602808806 0.0295174918811 0.0188403191035 0.0482822049008 -0.000483815429105 0.051899859943 0.0537529340088 -0.00292537487132 0.0218999157475 0.0277219298024 0.0169016957301 0.0219690507071 0.0336267546926 -0.00394789619211 1.00288605304 -0.0022826592816 0.0114023023814 0.00746645935437 0.0391054466946 0.027165108174 0.01010111399 0.0783689771564 0.0319545224666 0.0507288092181 0.0254664362664 0.0241130923023 0.0388572676449 0.015572242997 0.0448754036779 0.00544157247873 0.00237991345501 0.00418755638677 0.0216462448816 
0.0161386437699 0.00746258114129 0.00146687915498 0.0103479425027 0.00255276048106 0.0243839471423 0.0134386712031 0.0155976568157 0.00429620085548 0.0104037206889 -0.00551618086838 0.0190757073401 0.0140143087467 0.0138505944613 0.00789569484358 0.0259549141327 0.0284616341977 0.00317238755077 -0.00236126246533 0.00618052807916 0.00429268470844 0.014540918713 -0.00454638973157 -0.00714828428835 0.0185753038453 0.0128681103033 0.0136393224315 -0.00368066834902 0.00202458462239 0.0173195186699 0.00270416198864 -0.0022826592816 0.153013969632 0.000131462684318 0.0145589398211 0.00955842177157 0.0055057017365 0.0238471895667 0.0127188574695 0.00908032944196 0.000583306657549 -0.00107922278302 0.00868754807006 0.0115135522867 0.0112226777769 0.00316131847095 0.0124166086743 0.0185889877716 0.0127782060201 0.00492967378066 
0.0177300941622 0.0162100511455 0.0219489194443 0.0299847141127 0.00392514303142 0.0292173492959 0.0147148265249 0.0125388722691 -0.00221871106065 0.0216469339575 0.00927886159986 0.0130922931397 0.00512162474055 0.00494099279284 0.0257146675045 0.0169707491803 0.0188874138229 0.00510858627591 0.008664815852 0.00403813964283 0.0152961560973 0.00664280301519 0.0254935008988 0.0287762954578 0.00767977429291 0.0189232080745 0.012359962078 0.0230949108756 0.0142291832942 0.0177198774605 -0.018798952756 0.0114023023814 0.000131462684318 0.21070028333 0.00543353136753 0.00818877502845 0.0103862696113 0.0258365086144 0.0210818787019 0.00440282234822 0.00128532428934 0.037612969957 0.0185369339273 0.0220283352142 0.0246694811846 0.0154535089136 0.0134107233908 0.00310407793519 -0.00297070054173 0.017087536952 
0.0153266629534 0.0198949382031 0.0196259604035 0.0315636590306 0.0100282328533 -0.008496204543 0.0162209296986 0.015490765783 -0.00705615091665 0.0197137627651 0.0364102365483 0.00869574042813 0.00316834335265 -0.00129296023785 0.01020437046 0.0280384291995 0.00792965923311 0.0340467431312 0.00865444783589 -0.000937456470792 0.0142287809651 0.0066211344035 0.0129288055702 0.00793581737654 0.0140763573932 0.00571364590798 0.00429430136478 0.0215406009812 0.0192546847279 0.00514407687488 0.00207496951465 0.00746645935437 0.0145589398211 0.00543353136753 0.401132897673 0.00168265512238 0.0157277234529 0.0145755124618 0.0102215023529 0.0182969850718 0.000128092945374 0.0216577916435 0.0252297264721 0.0332255316965 0.0257885883854 0.0131630207805 0.013683006662 -0.00318208762558 0.00335918097034 0.0189817572424 
0.0118703716686 0.00205757912605 -0.00728251018169 0.0136753707203 0.0151829827845 0.00913778990436 0.0156493657678 0.0183775258509 -0.00275962551573 0.010925489047 0.0320418612268 0.0177569067601 0.0692794526592 0.0129193129297 0.0377893736082 0.031978709136 0.0249263837221 0.0179705655374 0.00887835671545 0.0127217228647 0.0219081087901 0.0326040647463 0.0325818660011 0.0112158020852 0.0115077081196 0.00636151743663 0.0101503630466 0.0163886836639 0.0334546169869 0.0148163719554 0.0140683262168 0.0391054466946 0.00955842177157 0.00818877502845 0.00168265512238 0.241470185701 0.00141053494576 0.0181821876651 0.0558997880962 0.0372693907975 0.0133479580164 0.0359562636062 0.028909544748 0.0307126291676 0.0169843493206 0.0233439587086 0.00404385564681 0.0184199314749 0.010342807942 0.00460614451823 
0.014777261147 0.0228878174374 0.0206778402172 0.0238403793863 0.000479819723859 0.0102002902363 0.018921384538 0.0237294787336 0.019407376125 0.00755286733996 0.00767868854868 0.0273652922184 0.0149498244757 0.00674465045418 0.0539283679649 0.035835303945 0.000446655423987 0.0159845411405 0.00619312998609 0.0095747037808 0.0424808493729 0.0346518018613 0.0416129780782 0.0443729360581 0.00373632616249 0.00936914218855 0.00982666285463 0.0288561156371 0.0578157486919 0.0260290467021 0.00711951723482 0.027165108174 0.0055057017365 0.0103862696113 0.0157277234529 0.00141053494576 0.312677600125 0.022683316723 0.0377733132486 -0.00200395153551 0.0134752477138 0.0360407976364 0.0250161123107 0.0278515945324 0.00644033854451 0.0108208025543 0.0108894253897 0.00309055625366 -0.00556083604702 0.027003743932 
0.0486467146949 0.0189036490509 0.00556459590804 0.0212393492166 1.98089473012e-05 0.0181718002053 0.0207200980029 0.0279132022145 0.0274038060192 0.0140033749813 0.0118969347015 0.0252234192729 0.00964112870736 0.00420093188877 0.0277685194769 -0.00127729980735 0.0189345773266 0.0183576613699 0.00419453202781 0.0201032739164 0.0133035043121 0.0180720642163 0.00916986320189 0.0183177416655 0.0158639505539 0.0335582828704 0.0215147969429 0.0193467433276 0.0207842809008 0.00889009479486 0.0237743535357 0.01010111399 0.0238471895667 0.0258365086144 0.0145755124618 0.0181821876651 0.022683316723 0.158166291203 0.0352181980244 0.0290488685618 0.00642695736684 0.0189644109291 0.0255566636294 0.0197097105845 0.0422361319825 0.0134305645833 0.0106743033546 0.0157603059125 0.0116523943074 0.0343277967163 
0.023319606459 0.0266653702203 0.0293873865732 0.0359964632523 -0.0118999811226 0.0207150829709 0.0245041783108 0.0608088495172 0.0322185541322 0.013751314832 0.0448197504322 0.054909670372 -0.00930946893928 0.0910024271166 -0.000533197703128 0.0304594149269 0.0312523590277 0.0437831285442 0.0236136696409 0.0135892947002 0.0255673652068 0.127572922424 0.0391259846632 0.0249758308238 0.0112816444451 0.0170476558622 0.017635472619 0.0483447324923 0.0648046720209 0.0254097397207 0.0342411761055 0.0783689771563 0.0127188574695 0.0210818787019 0.0102215023529 0.0558997880962 0.0377733132486 0.0352181980244 0.649996008788 0.0326402526874 0.0386538675401 0.054599649478 0.0323443203417 0.0656012214219 0.0336791888961 0.0695424781986 0.000401058378579 0.0768362282024 0.00940128398703 0.0522910202476 
0.0198203560753 -0.00648116259839 -0.00397829653739 0.008725028548 -0.00167839625614 -0.00785630790083 -0.00239971739462 0.00746355407881 0.00983616117534 0.00407138430334 0.0378436527571 0.0203616704979 0.00375928689723 -0.0119097495743 0.00760867522056 0.024722767289 0.0180074603235 0.012680517417 0.00952607337409 0.00807475874887 0.0243184616091 0.00668046019263 0.0183411488342 0.00859301936838 0.00737808601287 0.00313399771762 0.00475276790687 0.0518216580661 0.0222203735405 -0.000205926946499 0.00796322146091 0.0319545224666 0.00908032944196 0.00440282234822 0.0182969850718 0.0372693907975 -0.00200395153551 0.0290488685618 0.0326402526874 1.03236064576 0.0196593706819 0.00993868684761 0.0428160192583 0.0276260593253 0.0245848773935 0.0021675085565 0.0231708818695 0.00669614529526 -0.00133126594067 0.0184799066891 
0.00969523964637 0.0170660687965 0.00540324977192 0.0194986501556 -0.000108606117681 0.0202911044777 -0.000694735903348 0.00924602753375 0.0409761574347 0.00828849121711 0.0118051358221 0.0228816678369 0.0178615153248 -0.000226541495575 0.0114782945985 0.027461799688 0.0146500327708 0.00995054269714 0.00849010835837 -0.000169043739628 -0.000645094639686 0.00910268386039 0.0318270895653 0.0258955344135 0.00186753580868 0.0201335305478 0.0117624299414 0.0168922247579 0.0221593761337 0.00634081024658 -0.000472452813261 0.0507288092181 0.000583306657549 0.00128532428934 0.000128092945374 0.0133479580164 0.0134752477138 0.00642695736684 0.0386538675401 0.0196593706819 0.243140730541 0.0279871075722 -0.00624758833799 0.00977596586147 0.0202600902569 0.0215358284246 0.0198393739658 0.00776630317165 0.0185423267888 0.00528838301221 
0.0381323944112 0.142722508183 -0.00421975310119 0.0407858504093 0.0152172149902 0.0263990474062 0.0154782510724 0.0135742005687 0.00985157283227 0.0110863314649 0.0638791132825 0.0199093768718 0.0102280477795 -0.00638625639194 0.0403024557171 0.0285844217008 -0.00100485948301 0.0340298277943 0.0177857530013 0.0225542052722 0.0366125266172 0.0173626624803 0.0452976503414 0.0532671088968 -0.00245576367286 0.0283532785422 0.0322716075772 0.0385582617276 0.033100242667 0.0219118102198 0.00608249649434 0.0254664362664 -0.00107922278302 0.037612969957 0.0216577916435 0.0359562636062 0.0360407976364 0.0189644109291 0.054599649478 0.00993868684761 0.0279871075722 0.598738595878 0.0290911265711 0.0204247043641 0.0855095427951 0.0484278514535 0.0209572402262 0.00325462982288 0.00909640019983 0.0258372122628 
0.0071755123837 0.0120761386154 -0.00134721931675 0.0282762889112 0.0125242209105 0.0093120144671 0.0278253987375 0.0342102638032 0.00127695204914 0.0146260995565 0.0255735361589 0.0356070267825 0.00503813734892 0.0310480865066 0.0295716515542 0.00834552794329 0.0114547843551 0.00403817299031 0.0104956975753 0.00612842712143 -0.00302831434799 0.0468856164555 -0.00262264516719 0.00380751175608 0.00629820409716 0.00603144787502 0.0121209642527 0.0517024583188 0.0211237756594 0.0177795204822 0.0685769208904 0.0241130923023 0.00868754807006 0.0185369339273 0.0252297264721 0.028909544748 0.0250161123107 0.0255566636294 0.0323443203417 0.0428160192583 -0.00624758833799 0.0290911265711 0.327204598322 0.021424722038 0.0195597811852 0.0155624481472 0.0120865407104 0.0174486005627 0.0151799096916 0.0207434130004 
0.0123444694169 0.0224569723018 0.00981508403479 0.075076329301 0.00514622438315 0.011681978892 0.00666663709721 0.00798475124308 0.0296235583578 0.0151978474634 0.0204247414154 0.0347872849712 0.0123046856273 0.0185904746674 0.0136094570739 0.0381884507413 0.0145244981805 0.0293902551676 0.0218071344073 0.0280683735999 0.0398765609462 0.0159033117225 0.0219613836492 0.026068637623 0.00492553313689 0.0195998721048 0.0183773998972 0.0301452450815 0.0215703479992 0.0431168773874 -0.00742713287636 0.0388572676449 0.0115135522867 0.0220283352142 0.0332255316965 0.0307126291676 0.0278515945324 0.0197097105845 0.0656012214219 0.0276260593253 0.00977596586147 0.0204247043641 0.021424722038 0.260120962521 0.00804530174284 0.0148542698475 0.016240343358 0.0210849762818 0.00771201866901 0.0134433029611 
0.0560925102682 0.0615070447553 -0.0162513579114 0.0350962805811 0.0077731613235 -0.00386327535356 0.0301230853303 0.032448925081 -0.0107439507409 0.0239411252456 0.0392315528555 0.0240982250111 0.00945609442798 0.00357017243185 0.0361960919013 0.00121374823093 0.0178740825425 0.0306955958866 0.0163256315826 0.0225011975563 0.0422212426206 0.0130067877455 0.0144735314375 0.0140916658901 0.0288985625948 0.0283048959702 0.0274191541407 0.0348470181054 0.00988419067634 0.0313047104541 0.0356195091859 0.015572242997 0.0112226777769 0.0246694811846 0.0257885883854 0.0169843493206 0.00644033854451 0.0422361319825 0.0336791888961 0.0245848773935 0.0202600902569 0.0855095427951 0.0195597811852 0.00804530174284 0.348865699511 0.0206369220077 0.00895858861975 0.0183072681728 0.0179885984154 0.0468123834291 
0.0148907709696 0.020455603511 0.00282223869298 0.0290509861698 0.00419824374612 0.010070367317 0.0049905314819 0.0432450721363 0.0183927751871 0.0130991744599 0.0229213955738 0.0420998460874 0.0182692756242 0.0185291375463 0.0114365840013 0.030055908474 0.00219126680473 0.0240218978004 0.00090001301588 0.0155539656512 0.0149913197927 0.00440770313256 0.0236499563261 0.0262816039707 0.0149170451825 0.010088075662 0.00402688011049 -0.0104652973817 0.0408068477217 0.0563308767331 0.00385490210743 0.0448754036779 0.00316131847095 0.0154535089136 0.0131630207805 0.0233439587086 0.0108208025543 0.0134305645833 0.0695424781986 0.0021675085565 0.0215358284246 0.0484278514535 0.0155624481472 0.0148542698475 0.0206369220077 0.312650061339 0.0124939559633 0.00838639965161 0.00746905176174 0.025689056254 
0.0147556479519 -0.00116678732226 0.00563835228677 0.00899797915294 0.0021896898376 0.00338647572473 0.00285196891765 0.0138761920785 -0.0160082815864 0.023305343387 0.00837061384417 0.0129589806386 0.0161069205775 0.00763337986384 0.011241071663 0.0062225809853 0.0052187783459 -0.0020852239499 0.0128212357623 0.00967082670538 0.00514110008692 0.00689850505855 0.0124617679069 0.00408384646345 0.0152204620793 0.0191097548677 0.0107148363972 0.0252644232984 0.00471295292581 0.0098291421309 0.0199886156631 0.00544157247873 0.0124166086743 0.0134107233908 0.013683006662 0.00404385564681 0.0108894253897 0.0106743033546 0.000401058378579 0.0231708818695 0.0198393739658 0.0209572402262 0.0120865407104 0.016240343358 0.00895858861975 0.0124939559633 0.326317342473 0.00720498082808 -0.00498481653329 0.02394396285 
