50
0.02736418452 0.00399952409326 0.0184249616408 0.0122123060087 0.0486664598358 0.0220926651793 0.0188066159349 0.0597094198611 0.0348828940045 0.0424048973372 0.0380288664812 0.037496284255 0.0466468708745 0.0754552666066 0.0297343435849 0.0522861094618 0.0449680709256 0.015652967587 0.0602494739115 0.140066530531 0.0733521468466 0.07971303899 0.0664901393557 0.0215013837744 0.0425593974561 0.0218855159469 0.0597278634654 0.0526943852585 0.0448250845436 0.0270240384822 0.0388313797841 0.251790956204 0.0435638119902 0.0678674292734 0.0266110290159 0.0501755430095 0.0861911318708 0.0130713531851 0.112290577846 0.0534443631468 0.125871369107 0.079223051944 0.0267965440056 0.103194060275 0.0952892642352 0.142835786571 0.067654701563 0.116792266476 0.118355026327 0.0708595176859 
0.188448099149 -0.00233179520188 0.0280150420988 0.000787904399205 0.00621530174481 0.0372438135687 0.000565667222504 0.00169698184655 0.025638004824 0.0087831438739 0.00362002854392 0.0255965211478 0.0497911643182 0.0041441493707 0.0112827551961 0.0104964236765 0.0182080203117 0.00287354971667 0.0184556919278 0.0242267001325 0.0105332961216 0.00786581168693 0.0224675091795 0.0119865918428 0.0142422669767 0.00903888535379 0.0111237572424 0.0257934807812 0.00789200794064 0.00295633006563 0.00433955705113 0.0161930785548 0.0152816690186 0.00592433646323 0.0225200660582 0.0156958802688 0.0227735208988 0.0464242486315 0.0465812281994 0.00354901843471 0.000950470492524 0.0158207337977 0.0206210369057 0.0199697744231 0.00236902119621 0.011722144944 0.01591691823 0.00639077749438 0.00761250812014 0.00422566039708 
-0.00233179520188 0.173614557456 0.0149232423374 0.0135083023398 0.00807660809435 0.0205729622195 0.0122773510247 0.0160261626876 0.00423879040375 0.0189340117599 0.0134748609973 0.0130679388009 0.0212469557349 0.008433446729 -0.00395432219589 0.0128686665474 0.0130653438879 0.0155799988765 0.00723667350192 0.01370312555 0.000586001447998 0.0114908537377 0.0219407884676 0.0254989933619 -0.00121239051417 0.00257769653802 0.00187443987282 0.0158762567562 0.0193955294273 0.0161313800819 0.00417325609136 0.00529108794226 0.00884123424701 0.0196064117355 0.0108881243178 0.0116924528368 0.000663555242002 0.0160048433552 -0.00534444200825 0.0188575748047 -0.00567557498814 0.00184507747896 0.0214442726841 0.0088257488264 0.0185345583122 0.021428694962 0.0102939228897 -0.00993098260574 0.0329596613884 0.0148544256381 
0.0280150420988 0.0149232423374 0.161580152406 0.00497761567175 0.00545147209383 0.0137026475943 0.0159187319531 0.0141821726135 0.0153039748625 0.0180486930986 0.0220018344167 0.028930983272 0.0217929904851 0.0142908010462 0.00663418721319 0.00997137201465 0.0287005321523 0.00904551882609 0.0145551723005 0.0191754934421 0.0173681882074 0.0179214308471 0.0437840621228 0.0196701450938 0.0240143628858 0.00820323086875 -0.011013221141 0.0316709419624 0.0229627919508 0.0358375226695 0.0178482922599 0.00250292814704 0.00864076723284 0.0220243055386 0.023897970536 0.0106281511525 0.0270871049891 0.0323519195699 0.0276450007258 0.00868843758629 0.00548777062387 0.0110407090222 0.0555408973101 0.0165467970282 0.0128882429162 -0.00645037979329 0.0197355586631 0.00976952891672 0.0159247624731 0.0105272479319 
0.000787904399204 0.0135083023398 0.00497761567175 0.284288299869 0.0119800126871 0.00291823906745 0.0092569219231 0.0191344728688 0.0184397180233 0.0185226133003 0.0160676792634 0.0174768136722 0.0236201136995 0.0176567922859 -0.0041908326991 0.00874990682788 0.00539216647527 0.0210768489543 0.00223612313494 0.00531435861756 0.00378197882486 0.0244982254836 -0.00878335772801 0.0114901381116 -0.00774450691543 0.00843205391575 0.0119724867613 0.0249017585952 0.000536962368955 0.00519396839317 0.0284230457471 0.0250250309458 0.0113929525304 0.0157925528189 0.00696128523652 -0.000709058330513 0.0221076567113 0.00985344720546 0.00959807687392 0.00352514744738 0.00602416543512 0.0196002951598 0.00531580532813 0.0202226141957 0.0111242836188 0.00252087402456 -6.01672530393e-05 -0.00538275630516 0.0205059169668 0.0164534576493 
0.00621530174481 0.00807660809435 0.00545147209383 0.0119800126871 0.303404749449 0.00825205963144 0.0156231161641 0.00436446505514 0.014863433375 0.0404441721156 -0.0071934013607 0.0125365716847 0.019371347952 0.00934686822766 0.000656034035639 0.0178770011567 0.00796337122618 -0.00399459407504 0.0331193372689 -0.0115958630277 0.00306522785561 0.0167654918378 0.0239111298269 0.00809653148739 -0.00548361464554 0.00580576577165 0.00809086039527 0.0165696962104 0.0284074786403 -0.0112943888268 0.00633340273449 0.00654439383948 0.0208798197352 0.0150638297627 -0.0104029769539 0.00258166177549 0.0227471125399 0.00713818197927 0.0235539281458 0.0118091185656 0.0268154771914 0.0220804683374 0.0106690174924 0.0170979418595 0.00578852481572 0.00981527951745 0.0169763315676 0.0647858228133 0.010717839655 0.038422229505 
0.0372438135687 0.0205729622195 0.0137026475943 0.00291823906745 0.00825205963144 0.226498446658 -0.00144489013333 0.0182074053556 0.00239416669872 0.00584317860702 0.000560198543854 0.00396493696814 0.039334726591 0.0124731473765 0.0125178571798 0.015320477008 0.0186439508796 0.000501500797086 0.0134506843354 0.0210442472412 0.0277669941165 0.00423623543917 0.00751993678033 -0.000186377697638 0.00895023673315 0.002972488356 0.0175174064859 0.00462318689195 -0.00214245319552 0.00395415278859 0.00172265011404 0.00369245909464 0.0199271373554 0.0224435734418 0.0102334111472 0.013504451914 0.0179788812835 0.0401042648879 0.0240805034165 0.0101655679238 -0.0139957319541 0.0184353528673 0.0111474622548 0.00595747587714 0.00592614023679 0.00760797075218 0.03736227464 0.00812951761893 0.00515198257245 0.00072930967546 
0.000565667222504 0.0122773510247 0.0159187319531 0.0092569219231 0.0156231161641 -0.00144489013333 0.193822224319 0.00947921232757 0.0124454679853 0.00422733920376 0.00392722864108 0.0124951976138 0.00934388520536 0.0127587059677 0.00999392525072 0.0208323836173 0.0140321692781 0.0232527350069 0.0316090019669 0.0142733182338 0.00942733753128 0.0043587265333 0.0239225351848 0.0238524371333 0.0160946858496 0.0161442386525 0.0199247529443 0.0243632505921 0.0336202952349 0.0226111492205 0.0142157423601 -0.00543741618054 0.00881925075059 0.0396417250011 0.000355438493494 0.0147478973571 0.0100899149412 0.0082685492216 0.00868774668035 0.0188771543101 0.0088095912037 0.0273752153314 0.00553030509003 0.00935318213726 0.00747084677861 0.0161373749164 0.0163419664576 0.00851754828737 0.0418651017076 0.000427038591049 
0.00169698184655 0.0160261626876 0.0141821726135 0.0191344728688 0.00436446505514 0.0182074053556 0.00947921232757 0.389233350573 0.00945179337307 0.0107869976273 0.0247392037278 -0.0018493006527 -0.000259163962567 0.037605850206 -0.000592753167077 0.01841974799 -0.00142094695411 0.00625839593381 0.00502514842597 0.0194441047966 -0.00263994940978 0.00200847049602 0.0281184410757 0.0356516643111 0.0103731013066 -0.00241387789833 -0.00359525240164 0.019171082132 0.00955092491325 0.00926232506224 0.0153432505385 -0.00601967088185 0.00408398925794 0.00921443362244 0.0268552707839 0.014574955183 0.00529390861443 0.00153351721693 0.0255845551525 0.00525424495427 0.00196013349486 0.0205809892429 0.0180265006632 0.0334071843268 0.103923858039 0.00564095073239 0.0217789593926 0.00928834203686 0.015122738725 -0.000104861915957 
0.025638004824 0.00423879040375 0.0153039748625 0.0184397180233 0.014863433375 0.00239416669872 0.0124454679853 0.00945179337307 0.230363702113 0.00208668659719 0.0146024992331 0.0250609110447 0.00241539469066 -0.000860809899168 0.00860337453285 0.0323201679407 0.0145636599303 0.0263302592758 0.010360943487 0.0102644496708 -0.0206360489567 0.00737151833588 0.0119141774751 0.0214511693442 0.0156921834027 0.00552197673113 0.0381581066838 0.0173932083654 0.0135466376056 0.00915131147411 0.00553153945021 0.00727816590609 0.0104148622228 0.0318113350097 0.00923525078566 -0.00140988100464 0.0326136019347 0.00185931809207 0.0537472032227 0.030294970849 0.0256560749121 0.0194711623068 0.0125980655878 0.00596071856056 0.0343770415139 0.00331097174634 -0.00195369566685 0.0035916013446 0.0129431559914 0.00359368459117 
0.0087831438739 0.0189340117599 0.0180486930986 0.0185226133003 0.0404441721156 0.00584317860702 0.00422733920376 0.0107869976273 0.00208668659719 0.374501829137 0.0193709725656 0.00793453568953 0.0132586997776 0.0158197901402 0.00494003993567 0.0135473361961 0.00717492927197 -0.011465650939 0.00495152605739 0.00587487997365 0.00726435551795 0.0308119191858 0.00359904304668 0.0221634987693 0.0280625696321 0.0070760005649 0.0051626777061 0.000324672860455 0.00835100949125 -0.00626532711417 0.0163070225287 0.085584696931 0.015578033005 0.00463386504542 0.0131571423728 0.022408226159 0.010510471288 0.0125886315249 -0.00625083170439 -0.00299891775533 -0.00343811864874 -0.00348252893623 0.00119098849455 0.0146141500832 0.0257342616663 0.00875435822848 -0.000503055663672 0.0986927252133 0.0026292194641 -0.000966562349419 
0.00362002854392 0.0134748609973 0.0220018344167 0.0160676792634 -0.0071934013607 0.000560198543854 0.00392722864108 0.0247392037278 0.0146024992331 0.0193709725656 0.303347205434 0.0176092514658 -0.00308157129917 0.0243500501519 0.0111638554153 0.0410033597428 0.0183057230981 0.022713965222 0.0145951569529 0.0182347983601 0.00593988188138 -0.00316602033314 0.0385795594164 0.0567696957085 0.0322987560378 0.00428344027682 0.00977813168409 0.0221827080088 0.00625679123896 0.00713491889792 0.0357189774816 0.0365554894502 -0.00755802313442 0.0294520330486 0.0190922457172 0.0215642114993 0.0448479446693 -0.00158428691566 0.033192148369 0.0173757391892 0.110028549455 0.0165935243743 0.0134095752296 0.0398536091517 0.00276641030336 0.0193555509817 0.0107485203138 0.0120735362398 0.0263864213821 0.00341225586817 
0.0255965211478 0.0130679388009 0.028930983272 0.0174768136722 0.0125365716847 0.00396493696814 0.0124951976138 -0.0018493006527 0.0250609110447 0.00793453568953 0.0176092514658 0.233672213568 0.0245412791957 0.0157217346846 0.00370401218729 0.0325939301808 0.00794282649893 0.0138269700644 0.0169897820595 0.00981859764112 0.0616877879857 0.00145392876714 0.0392744413484 0.0209330858931 0.00356637429513 0.00224528206035 0.0244266951494 0.037925509977 0.0186499822683 0.0147808270076 0.00555666272657 -0.00197633470117 0.0197713415131 0.0322706756432 0.0106300342564 0.0186676749097 0.00478164242823 0.01508639472 0.0291519304146 0.00767316107067 -0.00642005021179 0.0125337231971 0.0300965075289 0.0144831444334 0.0285515462095 0.0225868978789 0.0218151614378 -0.00400926980848 0.0175717639621 0.0416097670901 
0.0497911643182 0.0212469557349 0.0217929904851 0.0236201136995 0.019371347952 0.039334726591 0.00934388520536 -0.000259163962567 0.00241539469066 0.0132586997776 -0.00308157129917 0.0245412791957 0.360095370872 0.0144336118006 0.00790113546426 0.0110734416515 0.00519034510478 0.000731836447154 0.0161006304454 7.18377792699e-05 0.00664519223836 0.0058722962812 0.0135626046171 0.00532503881846 0.0219372824708 0.0143554637414 0.0246586027962 0.005981519009 0.00334573146501 0.00623434140351 -0.00172484758336 0.037838159425 0.00923023876682 0.00844160104451 0.00368340675045 0.00501392862813 0.0187673437166 0.0379932872591 0.0392111859605 0.0164273355636 -0.0117789183086 -0.00197344671804 0.00718931029058 0.0611952387392 -0.0032827229155 -0.0158379085582 0.011321940234 -2.50769570096e-05 0.022002031076 0.0248771827167 
0.0041441493707 0.008433446729 0.0142908010462 0.0176567922859 0.00934686822766 0.0124731473765 0.0127587059677 0.037605850206 -0.000860809899168 0.0158197901402 0.0243500501519 0.0157217346846 0.0144336118006 0.63004975201 0.0130708039522 0.0323813803634 0.00333113497126 0.00451465758729 0.0182251616649 0.0291917946237 0.0252220015554 0.0213147958096 0.0246542163771 0.0206320245108 0.0403650469088 -0.00444521806459 0.0160807982793 0.0277911853549 0.0182247098658 0.00798299085874 0.0756273736161 0.0137633490038 0.0107906817706 0.0367121866056 0.0133213899385 0.0189714507957 0.0296042512684 0.0209681550555 0.0425322624297 0.00804796490009 0.00888502185103 0.0292075173757 0.0190519481033 0.212558020019 0.00143203487756 -0.00238449061752 0.0338609110048 0.0158147499904 0.0496237642392 0.00314338936728 
0.0112827551961 -0.00395432219589 0.00663418721319 -0.0041908326991 0.000656034035639 0.0125178571798 0.00999392525072 -0.000592753167077 0.00860337453285 0.00494003993567 0.0111638554153 0.00370401218729 0.00790113546426 0.0130708039522 0.189744894181 0.0114437309481 0.00801418552566 0.00539070907428 0.00582177212543 0.0056146968639 0.0110913625854 0.0169929835047 0.0124718871008 0.0210114624378 0.0254032185796 0.0137663870583 -0.00538992080481 0.0116347643601 0.0135297287752 -0.00103281646305 -0.0140531071193 0.0119165828461 0.0209292214855 0.0128174632219 9.0455232762e-05 0.0042193479641 0.00354789442316 0.00964144044848 0.0230145432273 0.0187349185706 -0.00677920621254 0.000297755654177 0.00436636355728 0.0233938466625 0.00231564316109 0.0174116371043 0.00422248053529 0.00148858667993 -0.000449242424628 0.0178735823334 
0.0104964236765 0.0128686665474 0.00997137201465 0.00874990682788 0.0178770011567 0.015320477008 0.0208323836173 0.01841974799 0.0323201679407 0.0135473361961 0.0410033597428 0.0325939301808 0.0110734416515 0.0323813803634 0.0114437309481 0.294249690003 0.0149877205438 0.0283874502482 0.026130562534 0.0568582457998 0.0303278132089 0.0156331361499 0.0276247152242 0.0265002593815 0.0450415492197 0.0119609887893 0.0614690171071 0.0332134524388 0.0204172721182 0.00721012294353 0.0141499690428 0.0133456364525 0.00741983488958 0.0272328417051 0.001969245708 0.0163796116754 0.0154956704584 0.00599795908084 0.0278134428456 0.032975922472 0.0557075268139 0.0210988523057 0.0095707208351 0.0599325551887 0.064496416921 0.00584102674978 0.00503974473562 0.0227579871061 0.0162545062356 0.00254056127418 
0.0182080203117 0.0130653438879 0.0287005321523 0.00539216647527 0.00796337122618 0.0186439508796 0.0140321692781 -0.00142094695411 0.0145636599303 0.00717492927197 0.0183057230981 0.00794282649893 0.00519034510478 0.00333113497126 0.00801418552566 0.0149877205438 0.188273673389 0.00582681105727 0.0246701172762 0.00509496385989 0.0208211948517 0.0354398025633 0.0290213439596 -0.000107523432011 0.0275177792512 0.0075655681694 0.0324333236691 0.0175710713041 0.0171945271799 0.0183343432071 0.0161048509055 -0.0108671550288 0.0166704589072 0.00798155550194 0.00688511217102 0.0230882537732 0.00276209175155 0.0192900827175 0.022651901371 0.03277908763 -0.0154002067869 0.00983807549702 0.0144827848159 0.0138594736861 0.0132777223934 0.0049809511307 0.010915590965 0.00038638730969 -0.000475748729627 0.00856500787683 
0.00287354971667 0.0155799988765 0.00904551882609 0.0210768489543 -0.00399459407504 0.000501500797086 0.0232527350069 0.00625839593381 0.0263302592758 -0.011465650939 0.022713965222 0.0138269700644 0.000731836447154 0.00451465758729 0.00539070907428 0.0283874502482 0.00582681105727 0.220458552261 0.0262939712111 0.0308778675234 0.0101852012067 0.0314234932599 0.0190815732663 0.0197310084676 0.0210644214814 0.0148292665323 0.0277429121276 0.0390624284109 0.0217777011949 0.0155521201229 0.0280922958842 -0.00160298758721 0.00642164699091 0.0230747956567 0.00549374186589 0.02142492289 0.0216407286717 -0.000474739120756 0.0142833160105 0.010413938689 0.0100643852389 0.033608393726 0.0156882750056 0.0285623643036 0.0241892610171 0.00360033184456 0.00529935698256 0.0128620855537 0.0288584618573 0.029189972436 
0.0184556919278 0.00723667350192 0.0145551723005 0.00223612313494 0.0331193372689 0.0134506843354 0.0316090019669 0.00502514842597 0.010360943487 0.00495152605739 0.0145951569529 0.0169897820595 0.0161006304454 0.0182251616649 0.00582177212543 0.026130562534 0.0246701172762 0.0262939712111 0.302878831073 0.0156714812932 0.00407769728681 0.0109000978682 0.030401363442 0.0116154832051 0.0284042394802 0.0131517973028 0.0285055771449 0.0324955003454 0.0262456106307 0.0176297456906 0.0144776232746 0.0245474072976 0.0312307700624 0.0156970761676 0.00726227963688 0.0221983115807 0.00499281669022 0.0126493428058 0.0228996311988 0.0254815879851 0.0122355545661 0.0197870243977 0.00989860830289 0.0206761113762 0.0242777296718 0.0171590967257 0.00979983539393 0.027967344513 0.0114205359931 -0.000242825822196 
0.0242267001325 0.01370312555 0.0191754934421 0.00531435861756 -0.0115958630277 0.0210442472412 0.0142733182338 0.0194441047966 0.0102644496708 0.00587487997365 0.0182347983601 0.00981859764112 7.18377792698e-05 0.0291917946237 0.0056146968639 0.0568582457998 0.00509496385989 0.0308778675234 0.0156714812932 1.45253628865 0.00843372186231 0.0270264447728 0.0661784783374 0.0198223377473 0.0246246706951 -0.00801512172233 0.00495092389914 0.0326318415252 0.00850487961916 0.024750731563 0.0170544784942 0.0450697628369 0.0026562845835 0.00592531818696 0.01946168919 0.0051597774169 0.0133366073705 0.018008830901 0.00992749279263 0.018293464733 0.00516508115872 0.00902482643028 0.0161657788026 0.033224505533 0.0157958009202 0.0176116687052 0.00291765192962 0.00295757560985 0.0262403928791 -0.000270279723568 
0.0105332961216 0.000586001447998 0.0173681882074 0.00378197882486 0.00306522785561 0.0277669941165 0.00942733753128 -0.00263994940978 -0.0206360489567 0.00726435551795 0.00593988188138 0.0616877879857 0.00664519223836 0.0252220015554 0.0110913625854 0.0303278132089 0.0208211948517 0.0101852012067 0.00407769728681 0.00843372186231 0.427036337079 0.0676029626998 0.0440655505094 -0.00711719021564 0.0365171136185 0.00804646886282 0.0163965404741 0.0236301773009 0.0214438133942 0.0027603663962 0.00757404055401 0.0303438185287 0.018874609555 0.0177127958621 0.0369225171182 0.0134484310658 -0.00233000510333 0.0196412604187 0.0134369963203 0.0291683455986 0.00410927994989 0.00941220225022 0.0231886955655 0.0265899747296 0.00971869438928 0.015593775632 0.0179421974733 0.0128463282725 0.0166709052339 0.0619719816451 
0.00786581168693 0.0114908537377 0.0179214308471 0.0244982254836 0.0167654918378 0.00423623543917 0.0043587265333 0.00200847049602 0.00737151833588 0.0308119191858 -0.00316602033314 0.00145392876714 0.0058722962812 0.0213147958096 0.0169929835047 0.0156331361499 0.0354398025633 0.0314234932599 0.0109000978682 0.0270264447728 0.0676029626998 0.484206744977 0.0319169081347 0.000708065823633 0.0276783239235 0.00323562453908 0.00697228111765 0.0318180356462 0.0242134748871 0.00515694743778 0.010241525265 0.0718711146258 0.00160530322278 0.00249013568745 0.0241328071433 0.0304982406484 0.0329263242123 0.00851788688666 0.0167805367944 0.0195085519452 -0.00200180789707 0.00885712850738 0.00722891226708 0.0460939948862 0.0101816461379 0.00251280242759 0.0131614739933 -0.00083394103869 0.000329194206395 0.0388543828129 
0.0224675091795 0.0219407884676 0.0437840621228 -0.00878335772801 0.0239111298269 0.00751993678033 0.0239225351848 0.0281184410757 0.0119141774751 0.00359904304668 0.0385795594164 0.0392744413484 0.0135626046171 0.0246542163771 0.0124718871008 0.0276247152242 0.0290213439597 0.0190815732663 0.030401363442 0.0661784783374 0.0440655505094 0.0319169081347 0.3522604071 0.0319493185989 0.0403358033645 0.0144638204833 0.0245614708956 0.0519613894191 0.0483817968318 0.0350307566704 0.0148798770899 -0.0113589433535 0.0379730463557 0.0227487859308 0.0173276076499 0.012446720599 0.0239093102653 0.0151040147854 0.00947037592924 0.0265466395264 -0.00783864036879 0.0149053060317 0.0436846838107 0.0352584583348 0.0166910810325 0.00275789137563 0.023267199892 0.0116590900763 0.0119269724162 0.0412338930631 
0.0119865918428 0.0254989933619 0.0196701450938 0.0114901381116 0.00809653148739 -0.000186377697638 0.0238524371333 0.0356516643111 0.0214511693442 0.0221634987693 0.0567696957085 0.0209330858931 0.00532503881846 0.0206320245108 0.0210114624378 0.0265002593815 -0.000107523432011 0.0197310084676 0.0116154832051 0.0198223377473 -0.00711719021564 0.000708065823633 0.0319493185989 0.273086909777 0.0285326374085 0.0109845201662 0.0212506708276 0.0392785463035 0.0114265584455 0.0293153757871 0.011899523473 0.038533758097 0.0227832147024 0.0285814715518 0.0189715684466 0.00473187812157 0.01718419902 0.00533760323031 0.0270340305308 0.0276202674782 0.0118192982693 0.0301285168276 0.0144225088763 0.0212260110155 0.0117842603785 0.0242553279756 -0.000740090123782 0.017708361925 0.0224990641148 0.0155388681358 
0.0142422669767 -0.00121239051417 0.0240143628858 -0.00774450691543 -0.00548361464554 0.00895023673315 0.0160946858496 0.0103731013066 0.0156921834027 0.0280625696321 0.0322987560378 0.00356637429513 0.0219372824708 0.0403650469088 0.0254032185796 0.0450415492197 0.0275177792512 0.0210644214814 0.0284042394802 0.0246246706951 0.0365171136185 0.0276783239235 0.0403358033645 0.0285326374085 0.388846488482 0.0139498350598 0.00877840967043 0.0729590414423 0.0130717852697 0.00740519122252 0.0479133720688 0.0131187202282 0.0132168218466 0.037601006824 0.0223235672792 0.0199706197546 0.0457350922553 0.0162943706756 0.00990091618411 0.0189184964386 0.0248925127741 0.0157940332229 0.0203161691538 0.00873312171713 0.0103283421166 0.0347392189562 0.0206310286002 0.0228310565664 0.00051683994509 -0.000221568389824 
0.00903888535379 0.00257769653802 0.00820323086875 0.00843205391575 0.00580576577165 0.002972488356 0.0161442386525 -0.00241387789833 0.00552197673113 0.0070760005649 0.00428344027682 0.00224528206035 0.0143554637414 -0.00444521806459 0.0137663870583 0.0119609887893 0.0075655681694 0.0148292665323 0.0131517973028 -0.00801512172233 0.00804646886282 0.00323562453908 0.0144638204833 0.0109845201662 0.0139498350598 0.160146566796 0.00499352817384 0.0153602991422 0.018830346224 0.0158884421689 -0.0018192906632 0.0140136623481 0.00545337013171 0.0177322623796 0.000810859955257 0.00753841084207 -0.00706406546535 0.0162475829229 0.00283440585769 0.015709880883 -0.0104611799095 -3.9881524948e-05 -0.00106439086374 0.00695918425212 -0.00601051844188 0.00635877658203 0.00073542794885 0.00999838041692 0.00220081682354 -0.000311420603247 
0.0111237572424 0.00187443987282 -0.011013221141 0.0119724867613 0.00809086039527 0.0175174064859 0.0199247529443 -0.00359525240164 0.0381581066838 0.0051626777061 0.00977813168409 0.0244266951494 0.0246586027962 0.0160807982793 -0.00538992080481 0.0614690171071 0.0324333236691 0.0277429121276 0.0285055771449 0.00495092389914 0.0163965404741 0.00697228111765 0.0245614708956 0.0212506708276 0.00877840967043 0.00499352817384 0.379102049088 0.0123455355062 0.00517782919923 0.00085856019801 0.0138794201583 0.0167937261307 0.0102609143507 0.0242095289212 0.000625818867168 0.0236485341116 0.0320558529346 0.000115402008315 0.045315646671 0.0767592891098 0.0222057452437 0.0316369637828 -0.0134216202406 0.0581871415541 0.0911007402599 -0.00684276616632 0.00784787252466 0.00739663593685 0.0355875853803 -0.00946196097773 
0.0257934807812 0.0158762567562 0.0316709419624 0.0249017585952 0.0165696962104 0.00462318689195 0.0243632505921 0.019171082132 0.0173932083654 0.000324672860455 0.0221827080088 0.037925509977 0.005981519009 0.0277911853549 0.0116347643601 0.0332134524388 0.0175710713041 0.0390624284109 0.0324955003454 0.0326318415252 0.0236301773009 0.0318180356462 0.0519613894191 0.0392785463035 0.0729590414423 0.0153602991422 0.0123455355062 0.298097839886 0.0375499550449 0.0110969410473 0.0358802900014 0.0315032612411 0.00512420785364 0.0401149002223 0.012242180774 0.0197591772267 0.0159987521234 0.00637905568579 0.00899109469508 0.0273196275394 0.0114594711806 0.0253992594781 0.0192408591836 0.0443340133633 0.0227523950217 -0.00797948312998 0.011713075567 0.0174896881729 0.0315503768048 0.014323616823 
0.00789200794064 0.0193955294273 0.0229627919508 0.000536962368956 0.0284074786403 -0.00214245319552 0.0336202952349 0.00955092491325 0.0135466376056 0.00835100949125 0.00625679123896 0.0186499822683 0.00334573146501 0.0182247098658 0.0135297287752 0.0204172721182 0.0171945271799 0.0217777011949 0.0262456106307 0.00850487961916 0.0214438133942 0.0242134748871 0.0483817968318 0.0114265584455 0.0130717852697 0.018830346224 0.00517782919923 0.0375499550449 0.239079498205 0.031523169978 0.0165652937702 7.38947757507e-05 0.00375663102726 0.0488935782799 0.0105773309643 0.0268722443937 0.0187925256422 0.00472474738788 0.00887505265999 0.0193487730279 0.0139516703751 0.0173685727325 0.00977413847466 0.0112232923505 0.00275512055906 0.0119174327562 0.0107592273108 0.0150360614608 0.0336595541029 0.00313054941354 
0.00295633006563 0.0161313800819 0.0358375226695 0.00519396839317 -0.0112943888268 0.00395415278859 0.0226111492205 0.00926232506224 0.00915131147411 -0.00626532711417 0.00713491889792 0.0147808270076 0.00623434140351 0.00798299085874 -0.00103281646305 0.00721012294353 0.0183343432071 0.0155521201229 0.0176297456906 0.024750731563 0.0027603663962 0.00515694743778 0.0350307566704 0.0293153757871 0.00740519122252 0.0158884421689 0.00085856019801 0.0110969410473 0.031523169978 0.225249920571 0.00354041931033 0.0232471004747 0.0105343101433 0.00694421284332 0.000375894682656 0.0104299572995 0.00877182929343 0.00288101622675 -0.00447391570797 0.0142051911229 -0.00926054826078 0.00484563820107 0.0229883887359 0.0114998336602 0.00514127660989 0.00877432026494 0.0141770283079 0.0166406540829 0.014781155872 0.0152809377121 
0.00433955705113 0.00417325609136 0.0178482922599 0.0284230457471 0.00633340273449 0.00172265011404 0.0142157423601 0.0153432505385 0.00553153945021 0.0163070225287 0.0357189774816 0.00555666272657 -0.00172484758335 0.0756273736161 -0.0140531071193 0.0141499690428 0.0161048509055 0.0280922958842 0.0144776232746 0.0170544784942 0.00757404055401 0.010241525265 0.0148798770899 0.011899523473 0.0479133720688 -0.0018192906632 0.0138794201583 0.0358802900014 0.0165652937702 0.00354041931033 0.397147092778 0.0110774828687 0.00134841488132 0.0372910929091 0.00524112794969 0.0154820129546 0.0127137788537 0.00390734296885 0.0240279851747 0.0235367032893 0.0246275940689 0.0410150296465 0.00514254080399 0.0451503140154 -0.0141316959563 -0.0108796734019 0.0021723389359 -0.000492150234745 0.0205529956088 0.00442950725983 
0.0161930785548 0.00529108794226 0.00250292814704 0.0250250309458 0.00654439383948 0.00369245909464 -0.00543741618054 -0.00601967088185 0.00727816590609 0.085584696931 0.0365554894502 -0.00197633470117 0.037838159425 0.0137633490038 0.0119165828461 0.0133456364525 -0.0108671550288 -0.00160298758721 0.0245474072976 0.0450697628369 0.0303438185287 0.0718711146258 -0.0113589433535 0.038533758097 0.0131187202282 0.0140136623481 0.0167937261307 0.0315032612411 7.38947757508e-05 0.0232471004747 0.0110774828687 2.07804541717 0.0130866258605 0.026208706812 -0.00423220173776 0.0132958504836 0.0183527414373 0.0113795349275 0.0161890870975 0.00823545698752 0.0151230799303 0.00891295195497 -0.00687261160665 0.0134298077982 0.00580421301438 0.0258292183039 0.0171685824256 0.0215039372045 0.016215678327 -0.00200468728729 
0.0152816690186 0.00884123424701 0.00864076723284 0.0113929525304 0.0208798197352 0.0199271373554 0.00881925075059 0.00408398925794 0.0104148622228 0.015578033005 -0.00755802313442 0.0197713415131 0.00923023876682 0.0107906817706 0.0209292214855 0.00741983488958 0.0166704589072 0.00642164699091 0.0312307700624 0.0026562845835 0.018874609555 0.00160530322278 0.0379730463557 0.0227832147024 0.0132168218466 0.00545337013171 0.0102609143507 0.00512420785364 0.00375663102726 0.0105343101433 0.00134841488132 0.0130866258605 0.2742401229 -0.00910813221662 0.0292969888173 0.0018886248627 0.0075225320638 0.0182147047272 0.00937385162037 0.00634629267523 -0.0012689931034 -0.00784535090044 0.0162574123235 0.00857129795393 0.000228633089618 -0.00412810469529 0.0246749788908 -0.00087846038565 -0.00681083825416 0.00574945987101 
0.00592433646323 0.0196064117355 0.0220243055386 0.0157925528189 0.0150638297627 0.0224435734418 0.0396417250011 0.00921443362244 0.0318113350097 0.00463386504542 0.0294520330486 0.0322706756432 0.00844160104451 0.0367121866056 0.0128174632219 0.0272328417051 0.00798155550194 0.0230747956567 0.0156970761676 0.00592531818696 0.0177127958621 0.00249013568745 0.0227487859308 0.0285814715518 0.037601006824 0.0177322623796 0.0242095289212 0.0401149002223 0.0488935782799 0.00694421284332 0.0372910929091 0.026208706812 -0.00910813221662 0.384461286363 0.0160969821118 0.030047030545 0.03202882535 0.00415225447348 0.0419177717083 0.0253057808157 0.00322342996751 0.051140589188 0.0322190024664 0.0131976914771 0.0154894356575 0.0880300611172 0.0117406231007 0.015342368805 0.0799330594829 -0.00361152704391 
0.0225200660582 0.0108881243178 0.023897970536 0.00696128523652 -0.0104029769539 0.0102334111472 0.000355438493494 0.0268552707839 0.00923525078566 0.0131571423728 0.0190922457172 0.0106300342564 0.00368340675045 0.0133213899385 9.04552327623e-05 0.001969245708 0.00688511217102 0.00549374186589 0.00726227963688 0.01946168919 0.0369225171182 0.0241328071433 0.0173276076499 0.0189715684466 0.0223235672792 0.000810859955257 0.000625818867168 0.012242180774 0.0105773309643 0.000375894682656 0.00524112794969 -0.00423220173776 0.0292969888173 0.0160969821118 0.287309899483 0.0261660233632 0.013517045422 0.0172790778253 0.0224102556408 0.0192677576824 -0.0182341566563 0.0114715377335 0.0120703184652 0.00898976200545 0.0214364606345 0.00300377421373 0.0160196405212 0.00804275910895 0.0165351188222 0.00961622300046 
0.0156958802688 0.0116924528368 0.0106281511525 -0.000709058330513 0.00258166177549 0.013504451914 0.0147478973571 0.014574955183 -0.00140988100464 0.022408226159 0.0215642114993 0.0186676749097 0.00501392862813 0.0189714507957 0.0042193479641 0.0163796116754 0.0230882537732 0.02142492289 0.0221983115807 0.0051597774169 0.0134484310658 0.0304982406484 0.012446720599 0.00473187812157 0.0199706197546 0.00753841084207 0.0236485341116 0.0197591772267 0.0268722443937 0.0104299572995 0.0154820129546 0.0132958504836 0.0018886248627 0.030047030545 0.0261660233632 0.317094708 0.0276145760011 0.00961620869314 0.0233858382092 0.0300356023357 -0.00951388361559 0.0396146178354 0.0155742314272 0.0340375702998 -0.0031042134232 -0.00302758775937 -0.00764361931623 -0.00686387279946 0.0101173071951 0.0231786374013 
0.0227735208988 0.000663555242002 0.0270871049891 0.0221076567113 0.0227471125399 0.0179788812835 0.0100899149412 0.00529390861443 0.0326136019347 0.010510471288 0.0448479446693 0.00478164242823 0.0187673437166 0.0296042512684 0.00354789442316 0.0154956704584 0.00276209175155 0.0216407286717 0.00499281669022 0.0133366073705 -0.00233000510333 0.0329263242123 0.0239093102653 0.01718419902 0.0457350922553 -0.00706406546535 0.0320558529346 0.0159987521234 0.0187925256422 0.00877182929343 0.0127137788537 0.0183527414373 0.0075225320638 0.03202882535 0.013517045422 0.0276145760011 0.399145466132 0.00435250741909 0.0656209159043 0.0177619491651 0.016845661025 0.0540519989261 0.015198929699 0.0251976432797 -0.00497658242359 0.0479617387258 0.00805957161274 0.021042154937 0.0218882887831 0.00934263040108 
0.0464242486315 0.0160048433552 0.0323519195699 0.00985344720546 0.00713818197927 0.0401042648879 0.0082685492216 0.00153351721693 0.00185931809207 0.0125886315249 -0.00158428691566 0.01508639472 0.0379932872591 0.0209681550555 0.00964144044848 0.00599795908084 0.0192900827175 -0.000474739120756 0.0126493428058 0.018008830901 0.0196412604187 0.00851788688666 0.0151040147854 0.00533760323031 0.0162943706756 0.0162475829229 0.000115402008315 0.00637905568579 0.00472474738788 0.00288101622675 0.00390734296885 0.0113795349275 0.0182147047272 0.00415225447348 0.0172790778253 0.00961620869314 0.00435250741909 0.133288578912 0.0178310064848 0.00016755970783 -0.00739997946645 0.0144140897528 0.0196317766506 0.00431972086628 0.00663976015784 0.00690498970416 0.0166640756087 0.00748729184619 0.012386591094 0.0107067046292 
0.0465812281994 -0.00534444200825 0.0276450007258 0.00959807687392 0.0235539281458 0.0240805034165 0.00868774668035 0.0255845551525 0.0537472032227 -0.00625083170439 0.033192148369 0.0291519304146 0.0392111859605 0.0425322624297 0.0230145432273 0.0278134428456 0.022651901371 0.0142833160105 0.0228996311988 0.00992749279263 0.0134369963203 0.0167805367944 0.00947037592924 0.0270340305308 0.00990091618411 0.00283440585769 0.045315646671 0.00899109469508 0.00887505265999 -0.00447391570797 0.0240279851747 0.0161890870975 0.00937385162037 0.0419177717083 0.0224102556408 0.0233858382092 0.0656209159043 0.0178310064848 0.501181552662 0.0382695948089 0.00216201270087 0.0271839023828 0.00763011550401 0.0469588790766 0.0265124565454 -0.00369877811394 -0.00381910897143 -0.00464042817933 0.01606224661 0.00715543194452 
0.00354901843471 0.0188575748047 0.00868843758629 0.00352514744738 0.0118091185656 0.0101655679238 0.0188771543101 0.00525424495427 0.030294970849 -0.00299891775533 0.0173757391892 0.00767316107067 0.0164273355636 0.00804796490009 0.0187349185706 0.032975922472 0.03277908763 0.010413938689 0.0254815879851 0.018293464733 0.0291683455986 0.0195085519452 0.0265466395264 0.0276202674782 0.0189184964386 0.015709880883 0.0767592891098 0.0273196275394 0.0193487730279 0.0142051911229 0.0235367032893 0.00823545698752 0.00634629267523 0.0253057808157 0.0192677576824 0.0300356023357 0.0177619491651 0.00016755970783 0.0382695948089 0.296948239268 -0.00565210409991 0.0287204579766 0.00775938857394 0.0563303025855 0.0131960060641 -0.00672731962142 0.00408747890678 -0.0177893014713 0.0105036358747 0.0112182616937 
0.000950470492524 -0.00567557498814 0.00548777062387 0.00602416543512 0.0268154771914 -0.0139957319541 0.0088095912037 0.00196013349486 0.0256560749121 -0.00343811864874 0.110028549455 -0.00642005021179 -0.0117789183086 0.00888502185103 -0.00677920621254 0.0557075268139 -0.0154002067869 0.0100643852389 0.0122355545661 0.00516508115872 0.00410927994989 -0.00200180789707 -0.00783864036879 0.0118192982693 0.0248925127741 -0.0104611799095 0.0222057452437 0.0114594711806 0.0139516703751 -0.00926054826078 0.0246275940689 0.0151230799303 -0.0012689931034 0.00322342996751 -0.0182341566563 -0.00951388361559 0.016845661025 -0.00739997946645 0.00216201270087 -0.00565210409991 0.83544765181 0.00200051025271 0.00718936346645 0.000230100358603 0.0199739354811 -0.00329468230429 0.00712157962548 0.0364369788821 0.0106437969738 -0.00745267591044 
0.0158207337977 0.00184507747896 0.0110407090222 0.0196002951598 0.0220804683374 0.0184353528673 0.0273752153314 0.0205809892429 0.0194711623068 -0.00348252893623 0.0165935243743 0.0125337231971 -0.00197344671804 0.0292075173757 0.000297755654177 0.0210988523057 0.00983807549702 0.033608393726 0.0197870243977 0.00902482643028 0.00941220225022 0.00885712850738 0.0149053060317 0.0301285168276 0.0157940332229 -3.98815249479e-05 0.0316369637828 0.0253992594781 0.0173685727325 0.00484563820107 0.0410150296465 0.00891295195497 -0.00784535090044 0.051140589188 0.0114715377335 0.0396146178354 0.0540519989261 0.0144140897528 0.0271839023828 0.0287204579766 0.00200051025271 0.384523777944 0.00789026096085 0.0363895711451 0.0241364620512 0.00706243721407 -0.00452977315764 0.0110014190344 0.0188571954905 0.0125291920295 
0.0206210369057 0.0214442726841 0.0555408973101 0.00531580532813 0.0106690174924 0.0111474622548 0.00553030509003 0.0180265006632 0.0125980655878 0.00119098849455 0.0134095752296 0.0300965075289 0.00718931029058 0.0190519481033 0.00436636355728 0.0095707208351 0.0144827848159 0.0156882750056 0.00989860830289 0.0161657788026 0.0231886955655 0.00722891226708 0.0436846838107 0.0144225088763 0.0203161691538 -0.00106439086374 -0.0134216202406 0.0192408591836 0.00977413847466 0.0229883887359 0.00514254080399 -0.00687261160665 0.0162574123235 0.0322190024664 0.0120703184652 0.0155742314272 0.015198929699 0.0196317766506 0.00763011550401 0.00775938857394 0.00718936346645 0.00789026096085 0.168283296784 0.0269773169517 0.00360809188984 -0.00629870963214 0.0208705084758 0.00675709090119 0.0224528701737 0.013718821606 
0.0199697744231 0.0088257488264 0.0165467970282 0.0202226141957 0.0170979418595 0.00595747587714 0.00935318213726 0.0334071843268 0.00596071856056 0.0146141500832 0.0398536091517 0.0144831444334 0.0611952387392 0.212558020019 0.0233938466625 0.0599325551887 0.0138594736861 0.0285623643036 0.0206761113762 0.033224505533 0.0265899747296 0.0460939948862 0.0352584583348 0.0212260110155 0.00873312171713 0.00695918425212 0.0581871415541 0.0443340133633 0.0112232923505 0.0114998336602 0.0451503140154 0.0134298077982 0.00857129795393 0.0131976914771 0.00898976200545 0.0340375702998 0.0251976432797 0.00431972086628 0.0469588790766 0.0563303025855 0.000230100358601 0.0363895711451 0.0269773169517 0.52657099751 0.00842480357012 0.0200922332072 0.0191531836198 0.000498965317874 0.014632047477 0.0181301216392 
0.00236902119621 0.0185345583122 0.0128882429162 0.0111242836188 0.00578852481572 0.00592614023679 0.00747084677861 0.103923858039 0.0343770415139 0.0257342616663 0.00276641030336 0.0285515462095 -0.0032827229155 0.00143203487756 0.00231564316109 0.064496416921 0.0132777223934 0.0241892610171 0.0242777296718 0.0157958009202 0.00971869438928 0.010181646138 0.0166910810325 0.0117842603785 0.0103283421166 -0.00601051844188 0.0911007402599 0.0227523950217 0.00275512055906 0.00514127660989 -0.0141316959563 0.00580421301438 0.000228633089618 0.0154894356575 0.0214364606345 -0.00310421342321 -0.00497658242359 0.00663976015784 0.0265124565454 0.0131960060641 0.0199739354811 0.0241364620512 0.00360809188984 0.00842480357012 0.489979952247 0.00125734583952 -0.0229116363157 -0.00438839230626 0.0368703504723 -0.00716186907122 
0.011722144944 0.021428694962 -0.00645037979329 0.00252087402456 0.00981527951745 0.00760797075218 0.0161373749164 0.00564095073239 0.00331097174634 0.00875435822848 0.0193555509817 0.0225868978789 -0.0158379085582 -0.00238449061752 0.0174116371043 0.00584102674978 0.0049809511307 0.00360033184456 0.0171590967257 0.0176116687052 0.015593775632 0.00251280242759 0.00275789137563 0.0242553279756 0.0347392189562 0.00635877658203 -0.00684276616632 -0.00797948312998 0.0119174327562 0.00877432026494 -0.0108796734019 0.0258292183039 -0.00412810469529 0.0880300611172 0.00300377421373 -0.00302758775937 0.0479617387258 0.00690498970416 -0.00369877811394 -0.00672731962142 -0.00329468230429 0.00706243721407 -0.00629870963214 0.0200922332072 0.00125734583952 1.24942321133 0.0069323942875 -0.00695553014132 0.0270010412695 -0.0104613004434 
0.01591691823 0.0102939228897 0.0197355586631 -6.01672530392e-05 0.0169763315676 0.03736227464 0.0163419664576 0.0217789593926 -0.00195369566685 -0.000503055663672 0.0107485203138 0.0218151614378 0.011321940234 0.0338609110048 0.00422248053529 0.00503974473562 0.010915590965 0.00529935698256 0.00979983539393 0.00291765192962 0.0179421974733 0.0131614739933 0.023267199892 -0.000740090123782 0.0206310286002 0.00073542794885 0.00784787252466 0.011713075567 0.0107592273108 0.0141770283079 0.0021723389359 0.0171685824256 0.0246749788908 0.0117406231007 0.0160196405212 -0.00764361931623 0.00805957161274 0.0166640756087 -0.00381910897143 0.00408747890678 0.00712157962548 -0.00452977315764 0.0208705084758 0.0191531836198 -0.0229116363157 0.0069323942875 0.381474044078 0.0123510643702 0.00782889993264 0.000751929312434 
