50
0.0399774891594 0.0629738483482 0.0278380444533 0.00361039022472 0.0761836706695 0.135299445153 0.0122123060087 0.039970875035 0.025657065471 0.0991765707177 0.0210495138202 0.0442230302855 0.0128714932266 0.00399952409326 0.0501755430095 0.149246593495 0.0613427887106 0.0418020448473 0.0754225878746 0.0434942638749 0.10135047428 0.15397042743 0.0576577356707 0.0340754658053 0.0426672552596 0.0298565853869 0.0952892642352 0.169485482474 0.0440278725419 0.0470472683343 0.00699576056141 0.127416862275 0.126305303483 0.0486664598358 0.153319254475 0.0202574279786 0.0272516352802 0.0695535734162 0.0307440439862 0.0325349378307 0.0163484450471 0.0753619397022 0.0271794955288 0.0113752176021 0.0394797478448 0.123926899062 0.005148759701 0.0380825412642 0.142835786571 0.0540864966038 
0.437623258177 0.00776152451674 0.00831088450327 -0.00522970908078 0.0150149761682 -0.0107741273117 -0.0066289629659 -0.00824876544096 0.00953726155417 -0.0162101535542 0.068760037585 0.0307552758505 0.00493868519645 0.00905031101611 0.00428006349296 0.0159505394279 0.0372771884076 0.00356282016217 0.0102554558517 -0.0161652962974 -0.00678774557076 -0.000991393113684 0.0104306512972 -0.00554627124293 0.000275614358724 0.00146767110226 -0.0219201526505 -0.0152471368143 -0.0133040745434 0.00532027307909 0.0190296457167 9.52151793449e-05 -0.0180784425691 0.00127079204457 -0.00331643184222 -0.0107272589251 -6.7232067216e-05 0.0019753003476 -0.00561942417755 -0.0137411413177 0.0266953306756 0.00393220383405 0.0312022813457 0.00475029427195 0.00458043077386 -0.0111712511817 0.00233202271202 0.00279104885884 0.0058826817646 0.0171353949536 
0.00776152451674 0.305432098174 0.00225029786271 0.0131825602045 0.0133220257295 0.0622901721559 0.00612166895639 0.00797614229677 0.00886070787284 -0.0285042104488 0.0030250018107 0.0159084595066 -0.00357186729219 0.0016127959621 0.0126420180712 0.119815147524 0.00505565732553 0.013127435345 0.00269971619175 0.0089932569548 0.0193614571914 0.114117056883 0.0118212411844 0.00695718826352 -0.0014601161248 -0.00455326894537 -0.002334777337 -0.00354018266539 -0.0108257034314 0.00548427394676 0.00843953799563 0.0957415089672 0.0724207821137 0.00920314234907 -0.00921773394962 0.0112775009665 0.0105770074528 -0.00268772386943 0.0104328747415 -0.001842528625 0.0230614402186 0.0797692239092 -0.00718848624001 0.00668561525072 -0.00479877263727 0.0374669521513 -0.000833339177879 -0.00287640879719 -0.00540049272489 0.0133617898609 
0.00831088450327 0.00225029786271 0.179315160155 0.02382557793 -0.00566424544156 -0.013760228645 0.00878864132761 0.0166554381232 0.0152274430584 -0.019321298677 0.0171146025949 0.011730109123 0.0108598683618 0.0116550185704 -0.00502710895695 0.011191972471 0.0247137853914 0.00188024626613 0.00635281011943 0.0217041965163 0.0189842608822 -0.00893642211292 0.0204929640053 0.00609820362394 0.00709160638543 0.0192028959873 0.0048918768391 0.0141397733682 0.0183881304447 0.0132554806085 0.00898249789036 -0.00433095117905 0.000368442560093 0.00845005948418 0.0106863110517 0.0165342920206 0.0182905768728 0.000474699424372 0.012552394437 0.0099826858872 0.00663781083505 -0.009413548754 0.016690419489 0.00602888504972 0.00224387470065 -0.00806097613242 0.0151626127965 -0.000965771400321 0.0157378673954 0.0187836873082 
-0.00522970908078 0.0131825602045 0.02382557793 0.220296682336 0.0243861176831 -0.00430316654601 0.0174603749448 0.0068166505182 0.024206342225 0.00144938150705 0.0152220221557 0.0147160074176 0.00177302047064 0.0176392237748 0.0212759845777 0.00889693389951 0.00407666265159 0.00949953635792 0.00937267161625 0.024209266175 0.00460205626553 -0.00745267876369 0.0160820977896 0.00240535845475 0.00424180463178 0.00264811476385 0.00832846584754 0.00401750217241 0.0153818375277 0.018235869757 0.00961570886708 0.0122098389224 -0.000558225959884 0.0179990865325 0.0126378915654 0.0175826986586 0.00566779349637 -0.000955585015213 0.0234717827188 -0.00128625049174 0.00397588918747 0.0025336448739 0.016147693591 0.0163611783556 0.0128039601609 0.0254602019197 0.0164284564722 0.0113335696161 0.00992278529934 0.00909239492615 
0.0150149761682 0.0133220257295 -0.00566424544156 0.0243861176831 0.404083918336 0.0586880420406 0.0144003346321 0.0371145392938 0.0227471525203 0.0120821319737 0.00730433755289 0.0238734667463 0.00933372687271 0.00511689742864 0.0488881455239 0.0227134470949 0.00590283817218 0.0335068019458 0.0167733055605 0.044455038632 0.0697869500112 0.0403469765524 0.0396640032618 0.0102778059789 0.0172657008644 0.00473960746977 0.0132399374655 -0.0118558570033 0.0329744916005 0.00776731286291 0.0014659642119 0.0398038477784 0.0268423603233 0.012017064925 0.0145294861676 0.0354296830233 -0.00170775931969 0.0255112967169 0.0115797469275 0.0340249366565 0.00175195869155 0.021438376341 0.0113414143959 0.0390909907411 0.0061976304594 0.0133319375248 0.0121081970989 0.0357203185737 0.0381606671022 0.0203578038373 
-0.0107741273117 0.0622901721559 -0.013760228645 -0.00430316654601 0.0586880420406 0.452643637602 0.0193845457741 0.0341649457344 0.00602161351681 0.0583255274964 -0.00423459118072 0.0162409545864 0.0157117959384 -0.0037055079467 0.0511022597252 0.148920925852 0.0156037376112 0.015517072628 0.0112086390911 0.0307020190729 0.0216234203543 0.105952770167 0.0128583230926 0.00399753318737 0.0184166626052 0.0104920073526 0.0244628770264 0.0472280197796 0.00547127448525 0.0133768972366 0.0119331736478 0.161483462034 0.187982105774 0.00916880677004 0.0209490828341 0.0327260745874 0.028454972614 0.0105723992525 0.0238295599357 -0.00223337458769 0.0230382028799 0.112082899677 0.00257708807038 -0.00886569915937 0.0101283819099 0.00871940261851 0.0163449556366 0.0145296413656 0.00606394893837 0.00747570595503 
-0.0066289629659 0.00612166895639 0.00878864132761 0.0174603749448 0.0144003346321 0.0193845457741 0.283810413415 0.0129912449163 0.00711012710036 0.0237259580543 0.0135221987116 0.00245136749107 0.0139941434221 0.0146658929484 -0.000316802511275 0.0195659092301 0.0130298412453 0.0143949303369 -0.0152356845099 0.0229109026061 0.0178968934184 0.00747728541764 0.0262000009737 0.0176228886432 0.0184672260089 0.00333288772316 0.0125281607694 0.0160426362681 -0.00910902641561 0.0168617437618 0.00649361226902 0.000720061498186 0.00154959760683 0.0120756524144 0.0231367093407 0.0160890871928 0.000127307060529 0.00590674279613 0.0251973597486 0.0109882968714 0.0197048426881 0.00281046544954 0.0113664750071 0.0128475094496 0.00622782229989 0.0245604856107 0.00706148621753 0.0027219245455 0.00300911268593 0.0133915700633 
-0.00824876544096 0.00797614229677 0.0166554381232 0.0068166505182 0.0371145392938 0.0341649457344 0.0129912449163 0.189606964959 0.0210315717778 0.00633526954893 0.00869334601487 0.0315809815629 -0.00230762840098 0.00682721427681 0.0158861789996 0.0169819542355 0.0111501512268 0.0375819251233 0.0223571620525 0.0434772012864 0.0304477183381 0.00554912602404 0.0268376765362 0.00229807340138 0.0180900262138 0.0114054246994 0.0148191549394 0.0286968538216 0.0156642644046 0.0214673029502 0.0042372240187 0.0101392626384 0.00438509175224 0.0186319159469 0.0461809587481 0.0332106594304 0.0160758143649 0.00541802725927 0.0243195703799 0.0145438471872 0.00473000551286 0.00681240857343 0.00988792797083 0.0149668120786 0.0235620255959 0.0173728712868 0.0162669766776 0.0121424077237 -0.00299957217188 0.00907044004631 
0.00953726155417 0.00886070787284 0.0152274430584 0.024206342225 0.0227471525203 0.00602161351681 0.00711012710036 0.0210315717778 0.186866456087 0.00832282639917 0.0180257651231 0.0154264507053 0.011440249441 0.020961810842 0.0173064001484 -0.000705565027371 0.0143526604424 0.024820641894 0.0181780578066 0.0279004665183 0.0285813494445 0.00289351214859 0.015311882745 0.00890116731448 0.022279626259 0.0442300780684 0.0119004311681 0.0072020073239 0.0201432753361 0.0169932960488 0.0194569653607 0.0111733015345 0.00689119112461 0.0066949553293 0.033129704468 0.0197396670313 0.0120743883463 0.0127904593751 0.0406860524097 0.0323148039693 0.0200869315893 0.00172542371747 0.0311243762804 0.00519737101573 0.0142684199703 0.0178040731816 0.00992985294469 0.0146221963262 0.00920343030407 0.019982796846 
-0.0162101535542 -0.0285042104488 -0.019321298677 0.00144938150705 0.0120821319737 0.0583255274964 0.0237259580543 0.00633526954893 0.00832282639917 0.634280395603 -0.00280447525638 -0.00545787628641 -0.00396523408209 -0.018386129172 0.0180971475101 0.00513144953207 0.00613144298687 -0.0110514099959 0.0194916649083 0.00495793488266 0.0244717869405 0.00915033565893 -0.000197643338673 -0.00657968481512 -0.00738205566526 0.0105229484585 -0.0124411937942 -0.00440667121351 0.012344094088 0.00670954538332 0.000975768058064 0.0409171157629 -0.0110323392043 -0.0048228110447 -0.00546107119546 -0.0142879120387 0.0186990001298 0.0440905534134 -0.00363253317723 0.00273764812637 0.00673167833263 0.00336050479441 0.0241296024287 -0.00441557178538 -0.00703874505369 0.0163249668565 0.00222896229033 -0.00778829759857 -0.00313691320014 0.0264583952587 
0.068760037585 0.0030250018107 0.0171146025949 0.0152220221557 0.00730433755289 -0.00423459118072 0.0135221987116 0.00869334601487 0.0180257651231 -0.00280447525638 0.316413135153 0.0323351506457 -0.00236891095681 0.00787060889667 0.0149546163606 0.00363159643747 -0.011626668043 0.032345028418 -0.000144027450038 -0.00218380906761 0.00530166561768 0.00049794534207 0.0156556705769 0.0127479127042 0.0111444663743 0.00852219977884 -0.00157042108735 0.00905753115799 -0.00402737302436 0.00937754563504 0.00827346063694 0.00543371349883 0.0230998079332 0.023873113154 0.0199311492197 0.0174053853502 0.00185204340066 0.0156838968679 0.00443353924523 0.0202129372395 0.0114170975907 0.00122747418811 0.0118383982376 0.0228482948818 0.0131883744806 -0.0151597805413 0.00844519167527 0.0198609068039 0.0242711524965 0.0138047945087 
0.0307552758505 0.0159084595066 0.011730109123 0.0147160074176 0.0238734667463 0.0162409545864 0.00245136749107 0.0315809815629 0.0154264507053 -0.00545787628641 0.0323351506457 0.187022166968 0.00222855388848 0.00747902502529 0.0223879353646 0.0408617734371 0.00998685178271 0.0254999886193 0.0234902353408 0.0410055604167 0.0457515241036 0.0404932513193 0.0173726776938 0.0186957296263 0.0206277519897 0.0197311613948 0.0258626008241 0.0281149347166 0.0207959605461 0.0154146512478 0.0082168693008 0.0277493188219 0.0231333664352 0.0242185997112 0.0562298595825 0.0315628539389 0.0122553226669 0.0146057943414 0.0225422128745 0.0126093898283 0.0195556228976 0.0148527866014 0.0169489775029 0.0309886083043 0.0111694885484 0.0230039628084 0.00865624889863 0.0218181363424 0.026832734024 0.0203605331206 
0.00493868519645 -0.00357186729219 0.0108598683618 0.00177302047064 0.00933372687271 0.0157117959384 0.0139941434221 -0.00230762840098 0.011440249441 -0.00396523408209 -0.00236891095681 0.00222855388848 0.221193666963 0.0104986844337 0.0399316134025 -0.000811365115553 0.00762928697136 -0.00440990370547 0.0198056764989 0.00234581888654 -0.00698340286572 0.0015201757484 -0.00484523946361 0.00341539636995 -0.00604509737752 0.0102101919468 0.0191469537737 0.00861968132912 -0.00136339754619 0.00686903152598 0.0133686634166 0.0013649537179 0.00888952469113 0.00809492484507 0.00573294913455 0.00828577452046 0.0152408234105 0.0110412695165 0.00699689520016 0.00539440386667 0.0104812546811 -0.00694262650547 0.0141713805256 -0.00184580975727 0.014729513612 -0.00369236141788 0.00526228354437 0.00828496506819 -0.0189631634444 0.0101027867405 
0.00905031101611 0.0016127959621 0.0116550185704 0.0176392237748 0.00511689742864 -0.0037055079467 0.0146658929484 0.00682721427681 0.020961810842 -0.018386129172 0.00787060889667 0.00747902502529 0.0104986844337 0.172607258063 0.0107810047023 0.0114341772734 0.00907136587868 0.0104461839872 0.0151955078488 0.00458497625872 0.0183508354767 -0.0158535494599 0.00702769724017 0.00809957273006 0.0120566071616 0.0156797379216 0.019145985528 0.0230556890648 0.00625970644405 0.0154783578736 0.0113708561447 -0.00207874218824 -0.00747721616676 0.00726552973859 0.0378320242792 0.0123554904818 -0.00015649232161 0.0119264281738 0.0124127565845 0.0206051320872 0.0182519103981 -0.00633929931348 0.016226370062 0.0114734278924 0.0298746485515 0.0039373865457 0.0153742534777 0.00989917022783 0.0228823469998 0.0177720114541 
0.00428006349296 0.0126420180712 -0.00502710895695 0.0212759845777 0.0488881455239 0.0511022597252 -0.000316802511275 0.0158861789996 0.0173064001484 0.0180971475101 0.0149546163606 0.0223879353646 0.0399316134025 0.0107810047023 0.309530169398 0.012334599685 -0.00454342525503 0.00554417435952 0.0322368303176 0.0122026237849 0.0154661049922 0.0109600959181 0.0128076855412 0.00710322483428 0.0100525220908 0.0141544047384 -0.00302889484296 0.0202445712649 0.0273330772478 0.0142628195604 0.0130753547442 0.00886563522059 0.0125267187732 0.00167143579627 0.0368130555535 0.013590948264 -0.00055023438043 0.0369852786756 0.0097035536371 0.0253108997952 0.0137100058405 0.0151066048093 0.0201163936917 0.0193544292595 0.0166078744673 0.0113423257311 0.0488178933555 0.0163930263371 -0.00100315318435 0.0101385825228 
0.0159505394279 0.119815147524 0.011191972471 0.00889693389951 0.0227134470949 0.148920925852 0.0195659092301 0.0169819542355 -0.000705565027371 0.00513144953207 0.00363159643747 0.0408617734371 -0.000811365115553 0.0114341772734 0.012334599685 0.506240873248 0.0253010454991 0.0356088132973 0.0108863943483 0.0190275959868 0.0288311766984 0.12559022514 0.0213959257674 0.0275660737934 0.0260353716674 0.00490194796616 -8.95126617081e-05 0.0278100857074 0.0154942634106 0.0110009179588 0.0209885321347 0.129895278145 0.104593360694 0.0164834695059 0.0238468877252 0.0319591831179 0.016158998166 -0.000486120171246 0.0206696758806 -0.00447189750481 0.0412522604267 0.150222217133 0.00607310085121 0.00469106448958 0.0326670365923 0.00513266019607 0.00884207125153 0.0125002962151 -0.00578403578902 0.0225237208291 
0.0372771884076 0.00505565732553 0.0247137853914 0.00407666265159 0.00590283817218 0.0156037376112 0.0130298412453 0.0111501512268 0.0143526604424 0.00613144298687 -0.011626668043 0.00998685178271 0.00762928697136 0.00907136587868 -0.00454342525503 0.0253010454991 0.272866501697 0.0133669552269 0.0153674543294 0.0202051014454 0.0334085061742 0.019524588254 0.0119802759089 0.0131243255699 0.00958700016896 0.00326144661391 0.00558360441777 0.0160136514386 -0.00700837018447 0.00816694281446 0.0133907339154 0.00598212217912 -0.00201040858828 0.0153711765686 0.00839090713217 0.00597114975535 -0.000508298186055 -0.00265154997852 0.0148232322206 -0.000660927739898 0.0219127531258 0.0200429321649 0.00803816123307 0.0174527099419 0.00328567957197 0.00580133338819 -0.000537323287359 0.0127107436284 0.0134155512276 0.00882734534442 
0.00356282016217 0.013127435345 0.00188024626613 0.00949953635792 0.0335068019458 0.015517072628 0.0143949303369 0.0375819251233 0.024820641894 -0.0110514099959 0.032345028418 0.0254999886193 -0.00440990370547 0.0104461839872 0.00554417435952 0.0356088132973 0.0133669552269 0.243111602358 0.00434593807394 0.0577920018006 0.0294945471363 0.0308679839847 0.0219595670918 0.00928365462021 0.0279231507118 0.0138525082969 0.0582127596825 0.0225874302722 0.0216164827772 0.0188341057465 0.0113276300957 0.0272880996833 0.0118424912765 0.0244022039489 0.0305203724022 0.0378226792189 0.00150342209794 0.000336096210974 0.0330899337813 0.0189858674132 0.0161304733734 0.00657092610705 0.0118269337491 0.0262376260065 0.0229703004751 0.0245121550677 0.00497315064284 0.0222551735446 0.00180371221177 0.00323066559842 
0.0102554558517 0.00269971619175 0.00635281011943 0.00937267161625 0.0167733055605 0.0112086390911 -0.0152356845099 0.0223571620525 0.0181780578066 0.0194916649083 -0.000144027450038 0.0234902353408 0.0198056764989 0.0151955078488 0.0322368303176 0.0108863943483 0.0153674543294 0.00434593807394 0.486402470966 0.020573534797 0.0176842392762 0.0162240432687 0.0290909778246 0.0174387150289 0.0237535117437 0.0139082619058 0.0112918074374 0.0315030677434 0.0104371826784 0.0253639163045 0.00237958548797 -0.00567431382436 0.0125939398183 0.0195843420401 0.0768330709578 0.0267105825376 0.00312045227031 0.00720686422407 0.0261194748991 0.0295481239405 -0.00121588472862 0.00174196907463 0.000971523103149 0.0165210134633 0.0242337689279 0.0387834884702 0.0249114250199 0.0106645736422 -0.0157855452125 0.0165384779368 
-0.0161652962974 0.0089932569548 0.0217041965163 0.024209266175 0.044455038632 0.0307020190729 0.0229109026061 0.0434772012864 0.0279004665183 0.00495793488266 -0.00218380906761 0.0410055604167 0.00234581888654 0.00458497625872 0.0122026237849 0.0190275959868 0.0202051014454 0.0577920018006 0.020573534797 0.303090325867 0.0477265715611 0.0307124432793 0.0320936520911 0.00895684350235 0.0261585060812 0.0224334096127 0.0281505619769 0.0324489404852 0.0266136886737 0.0183525988631 -0.00166760206792 0.019492108072 0.0366494058378 0.0166731110673 0.0415683936412 0.042551224591 0.0185632210606 0.0150068141328 0.0206301228221 0.00808518507304 -0.00805046682884 0.0108191615188 0.0136700397344 0.0348134753369 0.0320515013519 0.01326388701 -0.00327629270328 0.0267494405881 0.0178498100639 0.0295494138455 
-0.00678774557076 0.0193614571914 0.0189842608822 0.00460205626553 0.0697869500112 0.0216234203543 0.0178968934184 0.0304477183381 0.0285813494445 0.0244717869405 0.00530166561768 0.0457515241036 -0.00698340286572 0.0183508354767 0.0154661049922 0.0288311766984 0.0334085061742 0.0294945471363 0.0176842392762 0.0477265715611 0.574196155022 0.039648512871 0.030236276103 0.0130538070141 0.0293200349319 0.0266188287261 0.0279646690153 0.0180419076632 0.0293269185864 0.0222300245247 0.0041318492115 0.0241438923229 0.0263683165979 -0.0132754428151 0.0388595395672 0.0578837518247 0.00722557089493 0.0210916062988 0.0335768050193 -0.00914656701035 0.0153620650288 0.0170669340982 0.0077184112987 0.0161466568891 0.0470226295223 0.0696792488834 0.00688465367077 0.0406248016957 -0.00265226161888 0.0216914175137 
-0.000991393113684 0.114117056883 -0.00893642211292 -0.00745267876369 0.0403469765524 0.105952770167 0.00747728541764 0.00554912602404 0.00289351214859 0.00915033565893 0.00049794534207 0.0404932513193 0.0015201757484 -0.0158535494599 0.0109600959181 0.12559022514 0.019524588254 0.0308679839847 0.0162240432687 0.0307124432793 0.039648512871 0.567664377821 0.0167087614653 0.00851376126357 0.019406346712 -0.00258910973223 0.000352562726034 0.0170446676624 0.00326756539232 0.0111414595529 0.0158008355253 0.108889978853 0.116075314917 0.0169970973957 0.0341233166263 0.0267428564233 -0.0114268419039 -0.00234199212994 0.0350182935271 -0.00327781732682 0.0234787830651 0.0976326323079 0.000202835183193 0.00567420609608 0.0334414645637 0.0182381745041 -0.00355687453994 0.0188454106869 0.0261118802022 0.0236216861989 
0.0104306512972 0.0118212411844 0.0204929640053 0.0160820977896 0.0396640032618 0.0128583230926 0.0262000009737 0.0268376765362 0.015311882745 -0.000197643338673 0.0156556705769 0.0173726776938 -0.00484523946361 0.00702769724017 0.0128076855412 0.0213959257674 0.0119802759089 0.0219595670918 0.0290909778246 0.0320936520911 0.030236276103 0.0167087614653 0.227103781272 0.0110538961246 0.0685123094365 0.0166981992593 0.00939654374894 0.00636518826879 0.0242445053094 0.0724648471297 0.0194513068883 0.00366476348563 0.0134866093871 0.0087836052445 0.0269894187474 0.0281085849744 0.00493919392657 0.0265072165295 0.049591679976 0.00899852886272 0.0191737317215 0.0112022289115 0.0106916797719 0.0282435768227 0.0119813849685 0.00852933727147 0.0132486477694 -0.00483592570735 0.0026855718453 0.0264927177151 
-0.00554627124293 0.00695718826352 0.00609820362394 0.00240535845475 0.0102778059789 0.00399753318737 0.0176228886432 0.00229807340138 0.00890116731448 -0.00657968481512 0.0127479127042 0.0186957296263 0.00341539636995 0.00809957273006 0.00710322483428 0.0275660737934 0.0131243255699 0.00928365462021 0.0174387150289 0.00895684350235 0.0130538070141 0.00851376126357 0.0110538961246 0.183511011326 0.00968069028451 0.00777885170115 0.00484150609516 0.0120339216332 0.0182045288116 0.0142639355942 0.0141339762098 0.0123093149929 0.00543117059976 0.00659749768367 0.0167759522442 0.00170556696476 0.00269330457762 0.00792354085047 0.00735960820629 -0.000614983502617 0.0118766581608 0.00947243648035 0.00574256748843 0.0110814209075 0.00174348332621 0.00448876361047 0.0220952448677 0.0063483037157 0.00015080860466 6.68241864778e-05 
0.000275614358724 -0.0014601161248 0.00709160638543 0.00424180463178 0.0172657008644 0.0184166626052 0.0184672260089 0.0180900262138 0.022279626259 -0.00738205566526 0.0111444663743 0.0206277519897 -0.00604509737752 0.0120566071616 0.0100525220908 0.0260353716674 0.00958700016896 0.0279231507118 0.0237535117437 0.0261585060812 0.0293200349319 0.019406346712 0.0685123094365 0.00968069028451 0.190497619773 0.0273630813629 0.0144042542287 0.00276303098635 0.00422846175111 0.0638215578996 0.0178229706435 0.013518279903 0.00365697306773 -0.000986927647726 0.0169048844775 0.0266561725487 0.00523559475114 0.0141679500299 0.0413952282298 0.00776725446205 0.0326210575455 0.0119026576656 0.0114240328259 0.0156650080415 0.0129933222027 0.00573290089747 0.0086373052279 0.00782908624316 0.0385547055904 0.0147476751824 
0.00146767110226 -0.00455326894537 0.0192028959873 0.00264811476385 0.00473960746977 0.0104920073526 0.00333288772316 0.0114054246994 0.0442300780684 0.0105229484585 0.00852219977884 0.0197311613948 0.0102101919468 0.0156797379216 0.0141544047384 0.00490194796616 0.00326144661391 0.0138525082969 0.0139082619058 0.0224334096127 0.0266188287261 -0.00258910973223 0.0166981992593 0.00777885170115 0.0273630813629 0.142419970228 0.0237243429366 0.00294961192439 0.0200952887768 0.020627595253 0.0230948599989 0.00859757434549 0.0168999961338 0.0129568300976 0.0262844369899 0.0202601905924 0.0135266004601 0.0134484948606 0.0259414855545 0.0189386226319 0.0167553263861 0.0121559766028 0.0312321005138 0.0133676517207 0.0168904441948 0.0219029711471 0.00904192293929 0.00640522053746 0.00039375607149 0.0123718231075 
-0.0219201526505 -0.002334777337 0.0048918768391 0.00832846584754 0.0132399374655 0.0244628770264 0.0125281607694 0.0148191549394 0.0119004311681 -0.0124411937942 -0.00157042108735 0.0258626008241 0.0191469537737 0.019145985528 -0.00302889484296 -8.95126617081e-05 0.00558360441777 0.0582127596825 0.0112918074374 0.0281505619769 0.0279646690153 0.000352562726034 0.00939654374894 0.00484150609516 0.0144042542287 0.0237243429366 0.507963552539 0.0151067491912 0.0166187918502 0.0105030030101 0.0063120024767 0.00351795169844 0.00682050209812 0.00479431421122 0.0145654070733 0.03350600902 0.00559812324289 0.0126414700597 0.0123446338957 0.0288210183476 0.00981253259407 0.0284363882663 0.017995677736 0.0240784610315 0.020348551876 0.0246958308116 0.0301721210071 0.00697772582324 0.00248209456185 -0.00975878348576 
-0.0152471368143 -0.00354018266539 0.0141397733682 0.00401750217241 -0.0118558570033 0.0472280197796 0.0160426362681 0.0286968538216 0.00720200732391 -0.00440667121351 0.00905753115799 0.0281149347166 0.00861968132912 0.0230556890648 0.0202445712649 0.0278100857074 0.0160136514386 0.0225874302722 0.0315030677434 0.0324489404852 0.0180419076632 0.0170446676624 0.00636518826879 0.0120339216332 0.00276303098635 0.00294961192439 0.0151067491912 0.670433191775 0.0205951683538 0.00444933133269 0.0225511874399 0.0465233094882 0.0608491603667 0.0358653268881 0.0417635029574 -0.00291678651141 -0.000317392681479 0.0125594950122 -0.00116155502312 -0.00192372820839 0.0114605150169 0.0425364931089 -0.000808146648654 0.00295517893933 0.024279794431 0.010755421668 0.0120874547775 0.0292965786352 -0.00126318240354 -0.00990479634957 
-0.0133040745434 -0.0108257034314 0.0183881304447 0.0153818375277 0.0329744916005 0.00547127448525 -0.00910902641561 0.0156642644046 0.0201432753361 0.012344094088 -0.00402737302436 0.0207959605461 -0.00136339754619 0.00625970644405 0.0273330772478 0.0154942634106 -0.00700837018447 0.0216164827772 0.0104371826784 0.0266136886737 0.0293269185864 0.00326756539232 0.0242445053094 0.0182045288116 0.00422846175111 0.0200952887768 0.0166187918502 0.0205951683538 0.229223830192 0.0223215783105 0.0206236542638 0.010126512751 0.00150880031861 0.0223314259144 0.0273205770983 0.00161461162911 0.00487680686138 0.0183378634117 0.0275921258668 0.0159442140124 0.0134874834782 0.0270416965162 0.00200928068505 0.0218467256463 0.00352068698955 0.00446644100724 0.017623733569 0.0279531211373 0.0110345926695 0.00696768893652 
0.00532027307909 0.00548427394676 0.0132554806085 0.018235869757 0.00776731286291 0.0133768972366 0.0168617437618 0.0214673029502 0.0169932960488 0.00670954538332 0.00937754563504 0.0154146512478 0.00686903152598 0.0154783578736 0.0142628195604 0.0110009179588 0.00816694281446 0.0188341057465 0.0253639163045 0.0183525988631 0.0222300245247 0.0111414595529 0.0724648471297 0.0142639355942 0.0638215578996 0.020627595253 0.0105030030101 0.00444933133268 0.0223215783105 0.185074886413 0.0205911215842 0.0145088014579 0.00876387143481 0.0107778384901 0.0149329509103 0.0186523764489 0.010615254317 0.0442169933618 0.0463482088335 0.0194049645435 0.0233399199043 0.0136316857967 0.0110294396987 0.0119846929913 0.0293731823679 -0.00785038677779 0.0195485376338 0.00530392850337 -0.00585743442855 0.0197286194837 
0.0190296457167 0.00843953799563 0.00898249789036 0.00961570886708 0.0014659642119 0.0119331736478 0.00649361226902 0.0042372240187 0.0194569653607 0.000975768058064 0.00827346063694 0.0082168693008 0.0133686634166 0.0113708561447 0.0130753547442 0.0209885321347 0.0133907339154 0.0113276300957 0.00237958548797 -0.00166760206792 0.0041318492115 0.0158008355253 0.0194513068883 0.0141339762098 0.0178229706435 0.0230948599989 0.0063120024767 0.0225511874399 0.0206236542638 0.0205911215842 0.147147011582 0.0105685359481 0.00474516116155 0.0149866225275 -0.00374475403767 0.014765714019 0.00370161155401 -0.00382517839144 0.0112732969803 0.00898559366575 0.0479510399355 0.00269972601178 0.00305288491148 0.00998710830825 -0.00599198406981 0.00378518977434 0.00228262074923 0.000223223133738 0.0131328163194 0.0100911202168 
9.52151793449e-05 0.0957415089672 -0.00433095117905 0.0122098389224 0.0398038477784 0.161483462034 0.000720061498186 0.0101392626384 0.0111733015345 0.0409171157629 0.00543371349883 0.0277493188219 0.0013649537179 -0.00207874218824 0.00886563522059 0.129895278145 0.00598212217912 0.0272880996833 -0.00567431382436 0.019492108072 0.0241438923229 0.108889978853 0.00366476348563 0.0123093149929 0.013518279903 0.00859757434549 0.00351795169844 0.0465233094882 0.010126512751 0.0145088014579 0.0105685359481 0.389648798396 0.138762471674 0.00825629030934 0.018100412493 0.0167076521063 0.0072273383151 -0.00583877594632 0.0232215690342 0.0168436922424 0.0278418626733 0.117530707291 0.00545107577923 0.00743200407225 0.0161893683561 0.0203408830679 -0.00640224950808 0.00363752677519 0.00102053434316 0.0252622240785 
-0.0180784425691 0.0724207821137 0.000368442560092 -0.000558225959884 0.0268423603233 0.187982105774 0.00154959760683 0.00438509175224 0.00689119112461 -0.0110323392043 0.0230998079332 0.0231333664352 0.00888952469113 -0.00747721616676 0.0125267187732 0.104593360694 -0.00201040858828 0.0118424912765 0.0125939398183 0.0366494058378 0.0263683165979 0.116075314917 0.0134866093871 0.00543117059976 0.00365697306773 0.0168999961338 0.00682050209812 0.0608491603667 0.00150880031861 0.00876387143481 0.00474516116155 0.138762471674 0.397418697646 0.0108490639448 -0.00298466137923 0.0247715176875 0.0157939071883 0.00640654225124 0.0102404816578 0.00510560301528 0.0145699483511 0.0756526894372 0.00684048846438 -0.000862574659828 0.00996208940455 0.0282547823299 0.00555259989734 0.00924268281621 0.00369864424192 -0.00445725486089 
0.00127079204457 0.00920314234907 0.00845005948418 0.0179990865325 0.012017064925 0.00916880677004 0.0120756524144 0.0186319159469 0.0066949553293 -0.0048228110447 0.023873113154 0.0242185997112 0.00809492484507 0.00726552973859 0.00167143579627 0.0164834695059 0.0153711765686 0.0244022039489 0.0195843420401 0.0166731110673 -0.0132754428151 0.0169970973957 0.0087836052445 0.00659749768367 -0.000986927647726 0.0129568300976 0.00479431421122 0.0358653268881 0.0223314259144 0.0107778384901 0.0149866225275 0.00825629030934 0.0108490639448 0.312297990878 0.0120295669426 0.0106858650833 0.0204397099557 0.0119025848544 0.0319466089547 0.00664877221414 0.0054857126551 0.00480780140935 0.0331055925362 0.0274019154266 0.00104681134126 0.0114110110603 -0.00331677234845 -0.00425863240962 0.0100274404627 0.00728145287247 
-0.00331643184222 -0.00921773394962 0.0106863110517 0.0126378915654 0.0145294861676 0.0209490828341 0.0231367093407 0.0461809587481 0.033129704468 -0.00546107119546 0.0199311492197 0.0562298595825 0.00573294913455 0.0378320242792 0.0368130555535 0.0238468877252 0.00839090713217 0.0305203724022 0.0768330709578 0.0415683936412 0.0388595395672 0.0341233166263 0.0269894187474 0.0167759522442 0.0169048844775 0.0262844369899 0.0145654070733 0.0417635029574 0.0273205770983 0.0149329509103 -0.00374475403767 0.018100412493 -0.00298466137923 0.0120295669426 0.618580533881 0.0289635540282 -0.00446780974315 0.0224212886036 0.0380494612082 0.0386705102007 0.0297938075578 0.00585980344343 0.0252835371186 0.0145416947424 0.0665245813147 0.00798603634658 0.00560572684375 0.0328297061284 0.0235991350688 0.047028907483 
-0.0107272589251 0.0112775009665 0.0165342920206 0.0175826986586 0.0354296830233 0.0327260745874 0.0160890871928 0.0332106594304 0.0197396670313 -0.0142879120387 0.0174053853502 0.0315628539389 0.00828577452046 0.0123554904818 0.013590948264 0.0319591831179 0.00597114975535 0.0378226792189 0.0267105825376 0.042551224591 0.0578837518247 0.0267428564233 0.0281085849744 0.00170556696476 0.0266561725487 0.0202601905924 0.03350600902 -0.00291678651141 0.00161461162911 0.0186523764489 0.014765714019 0.0167076521063 0.0247715176875 0.0106858650833 0.0289635540282 0.270231865424 0.040035657513 0.00621348485692 0.0404133660589 0.00592392140278 0.00614246930874 0.00530712155351 0.00684821771956 0.0187153111869 0.0225813186831 0.0289410700844 0.00901397138014 0.0166773541858 0.0332543524643 0.0151415502679 
-6.72320672159e-05 0.0105770074528 0.0182905768728 0.00566779349637 -0.00170775931969 0.028454972614 0.000127307060529 0.0160758143649 0.0120743883463 0.0186990001298 0.00185204340066 0.0122553226669 0.0152408234105 -0.00015649232161 -0.00055023438043 0.016158998166 -0.000508298186055 0.00150342209794 0.00312045227031 0.0185632210606 0.00722557089493 -0.0114268419039 0.00493919392657 0.00269330457762 0.00523559475114 0.0135266004601 0.00559812324289 -0.000317392681479 0.00487680686138 0.010615254317 0.00370161155401 0.0072273383151 0.0157939071883 0.0204397099557 -0.00446780974315 0.040035657513 0.222165845193 0.00907574108563 0.0281441094056 0.0265541951671 0.00608258736051 0.00660229745687 0.00659998859444 0.0224380722852 0.0014905305659 0.000405727413503 -0.010423419332 0.000189871111039 0.00118145294624 0.00362185640569 
0.0019753003476 -0.00268772386943 0.000474699424372 -0.000955585015213 0.0255112967169 0.0105723992525 0.00590674279613 0.00541802725927 0.0127904593751 0.0440905534134 0.0156838968679 0.0146057943414 0.0110412695165 0.0119264281738 0.0369852786756 -0.000486120171246 -0.00265154997852 0.000336096210974 0.00720686422407 0.0150068141328 0.0210916062988 -0.00234199212994 0.0265072165295 0.00792354085047 0.0141679500299 0.0134484948606 0.0126414700597 0.0125594950122 0.0183378634117 0.0442169933618 -0.00382517839144 -0.00583877594632 0.00640654225124 0.0119025848544 0.0224212886036 0.00621348485692 0.00907574108563 0.394266889387 0.0165050873472 0.00980852549583 -0.00226117114752 -0.00984532660086 0.00565748356056 0.00895691585255 0.00919194948822 0.00900527294128 0.018198618693 0.0249228900871 -0.000623047812251 0.0135895938107 
-0.00561942417755 0.0104328747415 0.012552394437 0.0234717827188 0.0115797469275 0.0238295599357 0.0251973597486 0.0243195703799 0.0406860524097 -0.00363253317723 0.00443353924523 0.0225422128745 0.00699689520016 0.0124127565845 0.0097035536371 0.0206696758806 0.0148232322206 0.0330899337813 0.0261194748991 0.0206301228221 0.0335768050193 0.0350182935271 0.049591679976 0.00735960820629 0.0413952282298 0.0259414855545 0.0123446338957 -0.00116155502312 0.0275921258668 0.0463482088335 0.0112732969803 0.0232215690342 0.0102404816578 0.0319466089547 0.0380494612082 0.0404133660589 0.0281441094056 0.0165050873472 0.226153266623 0.00565645769366 0.0239442148857 0.00622954940642 0.0145150210679 0.0227247438577 0.0263310296265 0.0188097241166 0.00284125326015 0.0067392911048 0.00450472463464 0.015284525979 
-0.0137411413177 -0.001842528625 0.0099826858872 -0.00128625049174 0.0340249366565 -0.00223337458769 0.0109882968714 0.0145438471872 0.0323148039693 0.00273764812637 0.0202129372395 0.0126093898283 0.00539440386667 0.0206051320872 0.0253108997952 -0.00447189750481 -0.000660927739898 0.0189858674132 0.0295481239405 0.00808518507304 -0.00914656701035 -0.00327781732682 0.00899852886272 -0.000614983502617 0.00776725446205 0.0189386226319 0.0288210183476 -0.00192372820839 0.0159442140124 0.0194049645435 0.00898559366575 0.0168436922424 0.00510560301528 0.00664877221414 0.0386705102007 0.00592392140278 0.0265541951671 0.00980852549583 0.00565645769366 0.290034568888 0.0156774074632 -0.00869674386609 0.00461003175135 -0.000555319409424 0.0162939609844 0.00164880215102 0.0137582474376 0.0245794725164 -0.00658672040421 0.00527526757371 
0.0266953306756 0.0230614402186 0.00663781083505 0.00397588918747 0.00175195869155 0.0230382028799 0.0197048426881 0.00473000551286 0.0200869315893 0.00673167833263 0.0114170975907 0.0195556228976 0.0104812546811 0.0182519103981 0.0137100058405 0.0412522604267 0.0219127531258 0.0161304733734 -0.00121588472862 -0.00805046682884 0.0153620650288 0.0234787830651 0.0191737317215 0.0118766581608 0.0326210575455 0.0167553263861 0.00981253259407 0.0114605150169 0.0134874834782 0.0233399199043 0.0479510399355 0.0278418626733 0.0145699483511 0.0054857126551 0.0297938075578 0.00614246930874 0.00608258736051 -0.00226117114752 0.0239442148857 0.0156774074632 0.195197047058 0.0167140921373 -0.00108078437432 0.0154638395685 0.00879494921814 0.02519120106 0.0095185807125 0.0145509101226 0.0109233402959 0.00930650952412 
0.00393220383405 0.0797692239092 -0.00941354875401 0.0025336448739 0.021438376341 0.112082899677 0.00281046544954 0.00681240857343 0.00172542371747 0.00336050479441 0.00122747418811 0.0148527866014 -0.00694262650547 -0.00633929931348 0.0151066048093 0.150222217133 0.0200429321649 0.00657092610705 0.00174196907463 0.0108191615188 0.0170669340982 0.0976326323079 0.0112022289115 0.00947243648035 0.0119026576656 0.0121559766028 0.0284363882663 0.0425364931089 0.0270416965162 0.0136316857967 0.00269972601178 0.117530707291 0.0756526894372 0.00480780140936 0.00585980344343 0.00530712155351 0.00660229745687 -0.00984532660086 0.00622954940642 -0.00869674386609 0.0167140921373 0.306056794437 0.0182020183834 0.00642070481514 0.00746500320286 0.0209935883897 0.00813794240777 0.0137895243922 0.00376129087645 0.00807618669306 
0.0312022813457 -0.00718848624001 0.016690419489 0.016147693591 0.0113414143959 0.00257708807038 0.0113664750071 0.00988792797083 0.0311243762804 0.0241296024287 0.0118383982376 0.0169489775029 0.0141713805256 0.016226370062 0.0201163936917 0.00607310085121 0.00803816123307 0.0118269337491 0.000971523103149 0.0136700397344 0.0077184112987 0.000202835183193 0.0106916797719 0.00574256748843 0.0114240328259 0.0312321005138 0.017995677736 -0.000808146648654 0.00200928068505 0.0110294396987 0.00305288491148 0.00545107577923 0.00684048846438 0.0331055925362 0.0252835371186 0.00684821771956 0.00659998859444 0.00565748356056 0.0145150210679 0.00461003175135 -0.00108078437432 0.0182020183834 0.229500287231 0.0263473558959 0.0158978402358 -0.00338835425445 0.0116215062549 0.0102735432464 -0.0164264092194 0.0105884745564 
0.00475029427195 0.00668561525072 0.00602888504972 0.0163611783556 0.0390909907411 -0.00886569915937 0.0128475094496 0.0149668120786 0.00519737101573 -0.00441557178538 0.0228482948818 0.0309886083043 -0.00184580975727 0.0114734278924 0.0193544292595 0.00469106448958 0.0174527099419 0.0262376260065 0.0165210134633 0.0348134753369 0.0161466568891 0.00567420609608 0.0282435768227 0.0110814209075 0.0156650080415 0.0133676517207 0.0240784610315 0.00295517893933 0.0218467256463 0.0119846929913 0.00998710830825 0.00743200407225 -0.000862574659828 0.0274019154266 0.0145416947424 0.0187153111869 0.0224380722852 0.00895691585255 0.0227247438577 -0.000555319409424 0.0154638395685 0.00642070481514 0.0263473558959 0.21923187189 0.0233015295675 -0.00971972682182 0.0161499284697 0.0121397881964 -0.000692500849322 0.0037111070832 
0.00458043077386 -0.00479877263727 0.00224387470065 0.0128039601609 0.0061976304594 0.0101283819099 0.00622782229989 0.0235620255959 0.0142684199703 -0.00703874505369 0.0131883744806 0.0111694885484 0.014729513612 0.0298746485515 0.0166078744673 0.0326670365923 0.00328567957197 0.0229703004751 0.0242337689279 0.0320515013519 0.0470226295223 0.0334414645637 0.0119813849685 0.00174348332621 0.0129933222027 0.0168904441948 0.020348551876 0.024279794431 0.00352068698955 0.0293731823679 -0.00599198406981 0.0161893683561 0.00996208940455 0.00104681134126 0.0665245813147 0.0225813186831 0.0014905305659 0.00919194948822 0.0263310296265 0.0162939609844 0.00879494921814 0.00746500320286 0.0158978402358 0.0233015295675 0.325248270056 0.0152128700524 0.0136663116312 0.0127301338206 -0.00399355096137 0.00993756094893 
-0.0111712511817 0.0374669521513 -0.00806097613242 0.0254602019197 0.0133319375248 0.00871940261851 0.0245604856107 0.0173728712868 0.0178040731816 0.0163249668565 -0.0151597805413 0.0230039628084 -0.00369236141788 0.0039373865457 0.0113423257311 0.00513266019607 0.00580133338819 0.0245121550677 0.0387834884702 0.01326388701 0.0696792488834 0.0182381745041 0.00852933727147 0.00448876361047 0.00573290089747 0.0219029711471 0.0246958308116 0.0107554216681 0.00446644100724 -0.00785038677779 0.00378518977434 0.0203408830679 0.0282547823299 0.0114110110603 0.00798603634658 0.0289410700844 0.000405727413503 0.00900527294128 0.0188097241166 0.00164880215102 0.02519120106 0.0209935883897 -0.00338835425445 -0.00971972682182 0.0152128700524 0.903923594259 -0.0108291360109 0.0425572406595 -0.0154741353943 0.0155462758299 
0.00233202271202 -0.000833339177879 0.0151626127965 0.0164284564722 0.0121081970989 0.0163449556366 0.00706148621753 0.0162669766776 0.00992985294469 0.00222896229033 0.00844519167527 0.00865624889863 0.00526228354437 0.0153742534777 0.0488178933555 0.00884207125153 -0.000537323287359 0.00497315064284 0.0249114250199 -0.00327629270328 0.00688465367077 -0.00355687453994 0.0132486477694 0.0220952448677 0.0086373052279 0.00904192293929 0.0301721210071 0.0120874547775 0.017623733569 0.0195485376338 0.00228262074923 -0.00640224950808 0.00555259989734 -0.00331677234845 0.00560572684375 0.00901397138014 -0.010423419332 0.018198618693 0.00284125326015 0.0137582474376 0.0095185807125 0.00813794240777 0.0116215062549 0.0161499284697 0.0136663116312 -0.0108291360109 0.22405641522 0.0064142623284 0.0200771104346 -0.0157458306335 
